frame1
Iter0 1.000084 -0.000633 -0.000075 0.000394 0.998425 0.000451 0.002081 -0.002290 1.000000 
frame2
Iter0 1.000037 -0.000188 -0.000020 0.000007 0.999777 0.000053 0.000266 -0.000395 1.000000 
frame3
Iter0 0.999964 -0.000071 -0.000007 0.000004 0.999935 0.000020 0.000050 0.000062 1.000000 
frame4
Iter0 1.000019 -0.000024 -0.000013 0.000001 1.000028 0.000005 -0.000093 0.000031 1.000000 
frame5
Iter0 1.000011 -0.000033 0.000005 0.000014 1.000005 -0.000005 0.000077 -0.000027 1.000000 
frame6
Iter0 0.999977 0.000001 0.000001 -0.000024 0.999983 -0.000013 0.000024 -0.000120 1.000000 
frame7
Iter0 1.000001 0.000012 0.000010 -0.000010 1.000020 0.000005 0.000060 0.000078 1.000000 
frame8
Iter0 1.000025 0.000026 -0.000002 -0.000023 0.999961 -0.000001 -0.000003 -0.000081 1.000000 
frame9
Iter0 0.999999 -0.000013 0.000003 0.000025 1.000027 -0.000000 0.000029 0.000023 1.000000 
frame10
Iter0 1.000009 0.000039 0.000003 0.000003 0.999973 0.000000 0.000017 -0.000048 1.000000 
frame11
Iter0 0.999996 -0.000030 -0.000006 -0.000024 1.000039 -0.000005 -0.000065 0.000051 1.000000 
frame12
Iter0 1.000012 -0.000005 0.000011 0.000041 0.999991 0.000011 0.000109 -0.000035 1.000000 
frame13
Iter0 0.999967 -0.000001 -0.000015 -0.000016 1.000018 -0.000000 -0.000125 0.000092 1.000000 
frame14
Iter0 1.000010 -0.000003 -0.000003 0.000029 0.999947 0.000001 0.000038 -0.000062 1.000000 
frame15
Iter0 0.999966 0.000023 0.000007 -0.000050 1.000055 0.000001 -0.000003 0.000055 1.000000 
frame16
Iter0 1.000018 -0.000004 -0.000001 0.000045 0.999944 -0.000001 0.000018 -0.000107 1.000000 
frame17
Iter0 1.000027 -0.000021 -0.000005 -0.000041 1.000055 -0.000007 -0.000054 0.000054 1.000000 
frame18
Iter0 0.999969 -0.000039 -0.000008 0.000018 0.999992 0.000010 0.000012 0.000021 1.000000 
frame19
Iter0 1.000023 0.000056 0.000020 0.000027 1.000005 0.000002 0.000073 0.000022 1.000000 
frame20
Iter0 0.999997 -0.000020 -0.000018 -0.000036 0.999994 -0.000014 -0.000107 -0.000096 1.000000 
frame21
Iter0 0.999975 0.000018 0.000003 0.000009 1.000007 0.000008 -0.000012 0.000069 1.000000 
frame22
Iter0 1.000020 0.000005 0.000013 0.000020 1.000027 0.000002 0.000101 -0.000032 1.000000 
frame23
Iter0 1.000001 -0.000011 -0.000010 -0.000035 0.999966 -0.000015 -0.000047 -0.000032 1.000000 
frame24
Iter0 1.000014 -0.000029 -0.000003 0.000047 0.999979 0.000013 0.000048 0.000043 1.000000 
frame25
Iter0 0.999955 0.000053 0.000001 -0.000027 1.000019 0.000001 -0.000084 0.000008 1.000000 
frame26
Iter0 1.000020 -0.000030 0.000005 -0.000006 1.000021 0.000011 0.000021 0.000087 1.000000 
frame27
Iter0 1.000027 -0.000003 -0.000003 -0.000018 0.999954 -0.000015 -0.000000 -0.000122 1.000000 
frame28
Iter0 0.999983 -0.000027 -0.000005 0.000004 1.000010 -0.000006 -0.000002 0.000008 1.000000 
frame29
Iter0 0.999977 0.000012 0.000001 0.000004 1.000016 0.000000 -0.000005 0.000055 1.000000 
frame30
Iter0 0.999984 0.000031 0.000009 0.000027 0.999991 0.000006 0.000028 -0.000038 1.000000 
frame31
Iter0 0.999996 -0.000003 -0.000003 -0.000003 1.000022 0.000005 0.000037 0.000058 1.000000 
frame32
Iter0 1.000008 -0.000014 -0.000003 -0.000042 0.999980 0.000002 0.000016 0.000007 1.000000 
frame33
Iter0 1.000023 -0.000002 0.000011 0.000026 1.000014 0.000007 -0.000016 0.000037 1.000000 
frame34
Iter0 1.000044 0.000018 -0.000008 -0.000015 0.999983 -0.000010 -0.000093 -0.000128 1.000000 
frame35
Iter0 0.999979 0.000005 -0.000006 0.000038 0.999986 -0.000001 0.000030 0.000068 1.000000 
frame36
Iter0 0.999960 -0.000012 0.000007 -0.000011 1.000041 0.000005 -0.000002 0.000041 1.000000 
frame37
Iter0 1.000001 0.000014 0.000012 0.000010 0.999954 0.000006 0.000095 -0.000069 1.000000 
frame38
Iter0 1.000039 -0.000026 -0.000007 -0.000024 1.000004 -0.000007 -0.000075 0.000049 1.000000 
frame39
Iter0 0.999992 -0.000002 0.000003 0.000022 1.000013 0.000003 0.000065 -0.000011 1.000000 
frame40
Iter0 1.000008 0.000010 -0.000007 -0.000008 0.999989 -0.000010 -0.000040 -0.000022 1.000000 
frame41
Iter0 0.999969 0.000000 -0.000002 -0.000022 1.000052 0.000002 -0.000049 0.000026 1.000000 
frame42
Iter0 1.000027 0.000002 -0.000004 0.000020 0.999955 0.000000 -0.000003 -0.000054 1.000000 
frame43
Iter0 1.000011 -0.000011 0.000006 -0.000009 1.000010 0.000011 0.000080 0.000063 1.000000 
frame44
Iter0 1.000010 -0.000002 0.000000 -0.000022 1.000021 -0.000005 -0.000117 -0.000025 1.000000 
frame45
Iter0 0.999982 -0.000011 0.000010 0.000025 0.999970 -0.000000 0.000099 0.000051 1.000000 
frame46
Iter0 0.999977 -0.000018 -0.000014 -0.000015 1.000005 -0.000002 -0.000056 -0.000017 1.000000 
frame47
Iter0 0.999982 0.000014 0.000003 0.000028 1.000028 0.000008 0.000031 0.000063 1.000000 
frame48
Iter0 1.000028 0.000040 0.000004 -0.000027 0.999942 -0.000010 -0.000077 -0.000160 1.000000 
frame49
Iter0 0.999990 -0.000010 -0.000001 0.000030 1.000072 0.000011 0.000030 0.000141 1.000000 
frame50
Iter0 1.000031 0.000005 0.000004 -0.000005 0.999938 -0.000008 0.000040 -0.000178 1.000000 
frame51
Iter0 0.999991 -0.000025 -0.000010 -0.000018 1.000060 0.000005 -0.000086 0.000105 1.000000 
frame52
Iter0 0.999985 0.000015 0.000007 0.000010 0.999967 -0.000013 0.000085 0.000020 1.000000 
frame53
Iter0 1.000008 -0.000019 -0.000008 0.000011 0.999998 0.000014 0.000022 -0.000054 1.000000 
frame54
Iter0 1.000010 0.000043 0.000002 -0.000035 1.000044 0.000002 -0.000016 0.000064 1.000000 
frame55
Iter0 1.000006 -0.000004 -0.000000 0.000011 0.999925 0.000001 0.000018 -0.000036 1.000000 
frame56
Iter0 0.999997 -0.000014 -0.000008 -0.000010 1.000027 -0.000007 -0.000055 0.000053 1.000000 
frame57
Iter0 0.999981 0.000010 0.000009 0.000045 1.000006 0.000005 0.000007 0.000062 1.000000 
frame58
Iter0 1.000025 0.000043 -0.000002 -0.000011 1.000020 -0.000008 0.000009 -0.000106 1.000000 
frame59
Iter0 0.999973 -0.000029 0.000005 0.000019 0.999941 0.000005 0.000016 -0.000068 1.000000 
frame60
Iter0 1.000023 0.000015 0.000004 -0.000016 1.000050 -0.000005 0.000030 0.000022 1.000000 
frame61
Iter0 0.999969 -0.000007 -0.000002 -0.000005 0.999992 -0.000013 -0.000060 0.000028 1.000000 
frame62
Iter0 0.999953 -0.000008 0.000012 -0.000008 0.999992 0.000013 0.000072 0.000070 1.000000 
frame63
Iter0 1.000065 -0.000016 -0.000011 -0.000014 1.000012 -0.000000 -0.000054 -0.000102 1.000000 
frame64
Iter0 0.999974 0.000019 -0.000004 0.000014 0.999985 0.000008 0.000044 0.000009 1.000000 
frame65
Iter0 1.000031 -0.000012 -0.000013 0.000028 1.000022 0.000004 -0.000018 0.000036 1.000000 
frame66
Iter0 0.999973 -0.000021 0.000009 -0.000032 1.000028 -0.000014 0.000056 -0.000033 1.000000 
frame67
Iter0 1.000009 0.000029 -0.000014 0.000013 0.999956 -0.000002 -0.000092 -0.000043 1.000000 
frame68
Iter0 1.000009 -0.000023 -0.000007 -0.000016 1.000029 0.000005 -0.000004 0.000030 1.000000 
frame69
Iter0 0.999967 -0.000018 -0.000009 0.000023 0.999989 0.000019 0.000001 0.000075 1.000000 
frame70
Iter0 1.000003 0.000015 0.000006 -0.000018 0.999956 -0.000005 -0.000006 0.000003 1.000000 
frame71
Iter0 0.999992 0.000008 0.000003 -0.000002 0.999991 -0.000020 -0.000056 -0.000022 1.000000 
frame72
Iter0 1.000044 -0.000004 -0.000000 0.000023 1.000004 -0.000001 0.000101 -0.000096 1.000000 
frame73
Iter0 1.000008 -0.000007 -0.000003 -0.000001 0.999967 -0.000007 -0.000030 -0.000005 1.000000 
frame74
Iter0 0.999994 0.000044 0.000004 -0.000035 1.000047 -0.000008 0.000010 -0.000018 1.000000 
frame75
Iter0 0.999982 -0.000022 -0.000001 0.000018 1.000016 0.000012 0.000025 0.000058 1.000000 
frame76
Iter0 1.000004 -0.000008 -0.000000 -0.000001 1.000017 0.000005 0.000008 -0.000055 1.000000 
frame77
Iter0 1.000031 -0.000025 -0.000002 -0.000001 1.000044 0.000016 -0.000061 0.000161 1.000000 
frame78
Iter0 0.999965 -0.000011 -0.000010 0.000014 0.999946 0.000015 -0.000014 -0.000012 1.000000 
frame79
Iter0 0.999969 0.000020 0.000016 -0.000034 1.000026 0.000003 0.000079 0.000125 1.000000 
frame80
Iter0 0.999974 0.000043 0.000014 -0.000017 0.999948 -0.000022 -0.000038 -0.000103 1.000000 
frame81
Iter0 0.999971 0.000003 -0.000000 0.000063 0.999941 -0.000008 0.000082 -0.000039 1.000000 
frame82
Iter0 1.000002 0.000012 0.000002 0.000005 1.000024 -0.000019 -0.000055 -0.000015 1.000000 
frame83
Iter0 1.000003 0.000014 0.000003 -0.000029 1.000027 -0.000009 -0.000029 -0.000157 1.000000 
frame84
Iter0 0.999991 -0.000024 0.000013 0.000005 1.000030 0.000008 0.000026 0.000149 1.000000 
frame85
Iter0 1.000026 -0.000058 -0.000007 0.000002 0.999999 -0.000008 -0.000022 -0.000044 1.000000 
frame86
Iter0 1.000025 -0.000001 0.000003 -0.000000 0.999988 -0.000006 0.000016 -0.000035 1.000000 
frame87
Iter0 0.999993 -0.000002 -0.000004 -0.000037 1.000012 0.000009 -0.000016 0.000047 1.000000 
frame88
Iter0 1.000000 0.000045 0.000016 0.000024 0.999999 0.000016 0.000049 -0.000016 1.000000 
frame89
Iter0 1.000073 -0.000009 -0.000005 -0.000020 0.999956 -0.000011 -0.000016 -0.000073 1.000000 
frame90
Iter0 0.999944 -0.000042 -0.000009 0.000030 1.000030 -0.000004 -0.000018 0.000068 1.000000 
frame91
Iter0 1.000024 -0.000011 -0.000005 0.000004 0.999996 0.000007 0.000012 0.000016 1.000000 
frame92
Iter0 1.000002 0.000043 0.000005 -0.000023 1.000004 0.000008 -0.000032 -0.000048 1.000000 
frame93
Iter0 0.999975 -0.000004 -0.000007 0.000029 1.000049 0.000006 -0.000004 0.000105 1.000000 
frame94
Iter0 1.000028 -0.000001 -0.000006 0.000002 0.999952 -0.000011 -0.000014 -0.000037 1.000000 
frame95
Iter0 1.000005 -0.000014 0.000005 -0.000014 0.999994 -0.000016 0.000001 -0.000033 1.000000 
frame96
Iter0 0.999981 -0.000009 -0.000009 0.000011 1.000000 0.000010 0.000064 0.000025 1.000000 
frame97
Iter0 0.999996 0.000044 0.000008 -0.000028 0.999998 0.000010 -0.000074 -0.000029 1.000000 
frame98
Iter0 0.999998 -0.000006 -0.000008 0.000010 1.000004 0.000002 0.000115 0.000072 1.000000 
frame99
Iter0 1.000016 -0.000007 0.000005 -0.000035 1.000027 -0.000019 -0.000068 -0.000143 1.000000 
frame100
Iter0 1.000009 -0.000005 -0.000008 0.000050 0.999983 0.000009 -0.000056 0.000101 1.000000 
frame101
Iter0 1.000001 0.000035 0.000015 0.000014 0.999979 0.000003 0.000039 -0.000031 1.000000 
frame102
Iter0 1.000001 -0.000020 -0.000004 -0.000010 1.000030 0.000007 0.000032 0.000018 1.000000 
frame103
Iter0 0.999973 -0.000026 -0.000007 -0.000053 0.999965 -0.000007 -0.000040 0.000052 1.000000 
frame104
Iter0 0.999986 0.000006 0.000003 0.000062 1.000019 0.000005 0.000027 0.000017 1.000000 
frame105
Iter0 1.000026 0.000012 0.000001 -0.000029 1.000017 -0.000014 0.000031 -0.000104 1.000000 
frame106
Iter0 0.999992 -0.000025 -0.000009 0.000022 0.999981 0.000003 -0.000031 -0.000027 1.000000 
frame107
Iter0 1.000055 0.000015 0.000008 -0.000022 1.000035 0.000008 -0.000004 0.000042 1.000000 
frame108
Iter0 0.999955 0.000012 -0.000011 -0.000013 0.999978 0.000000 0.000004 0.000037 1.000000 
frame109
Iter0 1.000009 -0.000038 -0.000002 0.000019 1.000002 0.000005 0.000002 0.000060 1.000000 
frame110
Iter0 1.000014 0.000044 0.000001 0.000003 0.999961 -0.000015 -0.000033 -0.000039 1.000000 
frame111
Iter0 0.999979 -0.000012 -0.000006 0.000026 1.000010 0.000007 -0.000007 -0.000093 1.000000 
frame112
Iter0 0.999992 -0.000003 0.000004 -0.000008 1.000060 0.000008 -0.000030 0.000092 1.000000 
frame113
Iter0 0.999954 0.000039 0.000015 0.000011 0.999941 -0.000011 0.000038 -0.000087 1.000000 
frame114
Iter0 1.000050 -0.000011 0.000011 -0.000038 1.000051 -0.000005 0.000046 0.000013 1.000000 
frame115
Iter0 1.000003 -0.000036 -0.000007 -0.000002 0.999963 0.000006 -0.000053 0.000059 1.000000 
frame116
Iter0 1.000022 0.000024 0.000005 0.000015 1.000015 0.000001 0.000072 -0.000088 1.000000 
frame117
Iter0 1.000021 -0.000006 -0.000009 0.000005 0.999977 -0.000006 -0.000033 -0.000055 1.000000 
frame118
Iter0 0.999956 -0.000002 0.000001 -0.000004 1.000014 0.000002 0.000025 0.000050 1.000000 
frame119
Iter0 1.000017 0.000032 0.000011 -0.000022 0.999969 -0.000002 -0.000010 0.000028 1.000000 
frame120
Iter0 0.999988 -0.000009 -0.000018 0.000021 1.000010 0.000006 -0.000033 -0.000009 1.000000 
frame121
Iter0 1.000037 -0.000025 -0.000003 -0.000023 1.000043 0.000009 0.000024 0.000080 1.000000 
frame122
Iter0 0.999985 -0.000025 -0.000007 0.000020 0.999956 -0.000006 -0.000003 -0.000088 1.000000 
frame123
Iter0 1.000015 0.000015 -0.000000 0.000005 1.000039 -0.000006 0.000009 0.000085 1.000000 
frame124
Iter0 0.999998 0.000006 -0.000004 0.000004 0.999985 0.000001 -0.000045 -0.000045 1.000000 
frame125
Iter0 0.999975 -0.000021 0.000002 -0.000000 0.999974 -0.000002 0.000027 0.000057 1.000000 
frame126
Iter0 0.999983 0.000010 -0.000010 -0.000007 1.000005 -0.000004 0.000005 -0.000040 1.000000 
frame127
Iter0 0.999963 0.000012 0.000003 -0.000033 0.999999 -0.000011 0.000032 -0.000017 1.000000 
frame128
Iter0 1.000051 0.000001 -0.000004 0.000018 0.999992 -0.000012 -0.000018 -0.000019 1.000000 
frame129
Iter0 0.999972 -0.000031 -0.000014 0.000001 1.000014 0.000010 0.000010 0.000068 1.000000 
frame130
Iter0 1.000000 0.000008 -0.000007 0.000036 0.999991 -0.000002 -0.000021 0.000047 1.000000 
frame131
Iter0 1.000021 0.000002 -0.000014 -0.000034 1.000011 -0.000003 -0.000042 -0.000009 1.000000 
frame132
Iter0 0.999990 0.000007 0.000004 -0.000011 1.000009 -0.000009 0.000013 -0.000025 1.000000 
frame133
Iter0 0.999989 0.000051 0.000007 0.000028 0.999999 -0.000008 0.000073 -0.000036 1.000000 
frame134
Iter0 1.000005 -0.000043 -0.000012 -0.000001 1.000000 0.000009 -0.000099 0.000054 1.000000 
frame135
Iter0 1.000014 0.000020 -0.000001 -0.000031 1.000006 0.000009 0.000016 0.000019 1.000000 
frame136
Iter0 1.000018 -0.000020 0.000018 0.000047 1.000013 0.000009 0.000040 0.000014 1.000000 
frame137
Iter0 1.000005 0.000047 -0.000000 -0.000004 0.999968 -0.000019 -0.000040 -0.000038 1.000000 
frame138
Iter0 0.999985 0.000018 -0.000006 -0.000015 0.999975 0.000001 0.000033 -0.000037 1.000000 
frame139
Iter0 1.000002 0.000026 0.000011 0.000004 0.999974 0.000002 0.000022 -0.000042 1.000000 
frame140
Iter0 0.999998 -0.000010 0.000012 0.000025 1.000065 -0.000004 0.000045 0.000029 1.000000 
frame141
Iter0 0.999974 -0.000046 -0.000001 -0.000021 0.999993 0.000003 -0.000083 0.000035 1.000000 
frame142
Iter0 1.000042 -0.000010 0.000009 -0.000031 0.999997 -0.000018 0.000093 -0.000064 1.000000 
frame143
Iter0 1.000029 -0.000051 -0.000010 0.000010 1.000010 0.000006 -0.000073 0.000083 1.000000 
frame144
Iter0 0.999992 0.000011 -0.000013 0.000006 1.000006 -0.000003 -0.000063 -0.000063 1.000000 
frame145
Iter0 0.999952 0.000009 0.000004 0.000019 0.999973 0.000012 0.000062 0.000056 1.000000 
frame146
Iter0 1.000031 0.000014 0.000004 -0.000022 1.000021 0.000015 -0.000003 -0.000028 1.000000 
frame147
Iter0 0.999958 0.000034 -0.000004 0.000006 0.999995 -0.000017 0.000013 0.000023 1.000000 
frame148
Iter0 1.000014 0.000002 -0.000000 0.000009 1.000025 0.000004 -0.000083 -0.000087 1.000000 
frame149
Iter0 0.999984 0.000002 0.000006 -0.000015 0.999988 0.000007 0.000028 0.000073 1.000000 
frame150
Iter0 1.000041 -0.000025 -0.000003 -0.000000 0.999997 0.000002 0.000035 -0.000009 1.000000 
frame151
Iter0 1.000017 0.000000 -0.000001 -0.000017 1.000000 -0.000011 0.000029 -0.000027 1.000000 
frame152
Iter0 1.000006 -0.000003 -0.000004 0.000039 1.000007 -0.000004 -0.000083 0.000021 1.000000 
frame153
Iter0 0.999976 0.000004 0.000005 -0.000013 1.000014 -0.000019 0.000108 -0.000003 1.000000 
frame154
Iter0 1.000014 0.000052 0.000004 0.000024 1.000018 -0.000010 -0.000052 -0.000047 1.000000 
frame155
Iter0 0.999998 -0.000042 -0.000013 -0.000021 1.000018 0.000011 -0.000064 0.000040 1.000000 
frame156
Iter0 1.000001 0.000007 0.000006 -0.000001 0.999972 -0.000001 0.000045 0.000008 1.000000 
frame157
Iter0 1.000008 -0.000019 0.000010 0.000013 1.000013 -0.000022 -0.000043 -0.000059 1.000000 
frame158
Iter0 1.000024 0.000014 0.000017 0.000014 0.999977 -0.000014 0.000030 -0.000041 1.000000 
frame159
Iter0 0.999995 0.000031 -0.000001 -0.000005 0.999999 0.000013 -0.000051 0.000049 1.000000 
frame160
Iter0 0.999999 -0.000018 0.000010 0.000019 1.000011 0.000020 0.000057 0.000046 1.000000 
frame161
Iter0 1.000007 -0.000000 0.000009 -0.000032 1.000003 0.000009 0.000072 0.000093 1.000000 
frame162
Iter0 0.999965 -0.000062 -0.000002 -0.000026 0.999963 -0.000001 0.000039 0.000016 1.000000 
frame163
Iter0 0.999965 0.000032 -0.000009 0.000019 1.000003 0.000011 -0.000052 0.000012 1.000000 
frame164
Iter0 1.000007 0.000009 -0.000017 -0.000031 0.999996 0.000009 0.000067 -0.000078 1.000000 
frame165
Iter0 1.000042 -0.000022 -0.000011 -0.000017 1.000006 0.000002 -0.000104 0.000081 1.000000 
frame166
Iter0 1.000001 -0.000029 -0.000002 0.000042 0.999986 -0.000019 -0.000039 -0.000080 1.000000 
frame167
Iter0 0.999996 0.000017 0.000008 -0.000019 1.000000 0.000003 0.000022 -0.000055 1.000000 
frame168
Iter0 0.999982 -0.000007 -0.000006 0.000016 1.000009 0.000011 -0.000013 0.000103 1.000000 
frame169
Iter0 1.000025 -0.000011 0.000003 0.000008 0.999977 -0.000009 -0.000002 -0.000144 1.000000 
frame170
Iter0 0.999952 0.000008 -0.000004 -0.000041 1.000022 0.000015 -0.000004 0.000162 1.000000 
frame171
Iter0 1.000012 0.000046 0.000008 0.000019 0.999988 -0.000013 -0.000011 -0.000067 1.000000 
frame172
Iter0 0.999990 0.000015 0.000012 0.000007 0.999996 0.000005 0.000027 0.000040 1.000000 
frame173
Iter0 0.999999 -0.000026 -0.000004 -0.000024 0.999991 0.000009 0.000053 -0.000028 1.000000 
frame174
Iter0 0.999968 0.000057 0.000014 0.000002 0.999986 -0.000000 0.000054 -0.000094 1.000000 
frame175
Iter0 1.000055 0.000010 0.000009 -0.000007 1.000020 0.000004 -0.000075 0.000034 1.000000 
frame176
Iter0 0.999966 -0.000042 -0.000005 0.000041 1.000007 -0.000009 -0.000126 0.000012 1.000000 
frame177
Iter0 0.999984 0.000006 0.000032 0.000011 0.999999 -0.000006 0.000155 -0.000033 1.000000 
frame178
Iter0 0.999963 -0.000086 0.000019 -0.000025 1.000010 -0.000074 -0.000123 -0.000070 1.000000 
frame179
Iter0 0.999991 -0.000029 0.000017 -0.000002 1.000019 -0.000055 0.000070 -0.000024 1.000000 
frame180
Iter0 1.000020 0.000009 -0.000022 0.000010 1.000001 0.000067 0.000088 -0.000015 1.000000 
frame181
Iter0 1.000055 0.000086 -0.000052 -0.000027 0.999994 0.000133 -0.000005 0.000087 1.000000 
frame182
Iter0 0.999992 -0.000006 -0.000015 -0.000016 1.000048 0.000038 -0.000079 0.000225 1.000000 
frame183
Iter0 0.999901 -0.000053 0.000093 0.000049 1.000024 -0.000174 -0.000088 -0.000169 1.000000 
frame184
Iter0 0.999881 -0.000272 0.000178 0.000110 1.000034 -0.000341 -0.000099 -0.000248 1.000000 
frame185
Iter0 0.999744 -0.000411 0.000226 0.000174 1.000165 -0.000482 -0.000275 -0.000288 1.000000 
frame186
Iter0 0.999793 -0.000200 0.000110 0.000023 1.000085 -0.000152 0.000085 0.000028 1.000000 
frame187
Iter0 1.000310 0.000333 -0.000257 -0.000035 0.999830 0.000720 0.000327 0.000414 1.000000 
frame188
Iter0 1.000444 0.000255 -0.000155 0.000069 0.999805 0.000843 -0.000170 0.000841 1.000000 
frame189
Iter0 1.000043 -0.000156 0.000204 0.000108 0.999920 -0.000037 -0.000184 0.000179 1.000000 
frame190
Iter0 0.999765 -0.000114 0.000106 -0.000038 1.000056 -0.000344 -0.000117 -0.000169 1.000000 
frame191
Iter0 0.999823 -0.000039 -0.000015 0.000250 0.999976 -0.000066 -0.000326 0.000027 1.000000 
frame192
Iter0 0.999922 -0.000110 -0.000157 0.000631 0.999650 0.000391 -0.000402 0.000621 1.000000 
frame193
Iter0 0.999996 -0.000287 -0.000132 0.000932 0.999464 0.000588 -0.000714 0.001042 1.000000 
frame194
Iter0 1.000242 -0.000102 -0.000084 0.000304 0.999632 0.000608 -0.000147 0.000931 1.000000 
frame195
Iter0 1.000240 -0.000720 0.000539 0.000726 0.999816 0.000030 -0.000474 0.000508 1.000000 
frame196
Iter0 0.999887 -0.001081 0.000616 0.001211 0.999572 -0.000317 -0.000810 0.000309 1.000000 
frame197
Iter0 0.999562 -0.001185 0.000470 0.001561 0.999329 -0.000460 -0.000855 0.000239 1.000000 
frame198
Iter0 0.999291 -0.001476 0.000491 0.001626 0.999452 -0.000810 -0.001160 0.000316 1.000000 
frame199
Iter0 0.998634 -0.004056 0.002062 0.003440 0.999740 -0.002171 -0.002195 0.000372 1.000000 
Iter1 0.999653 -0.001481 0.000561 0.000677 0.999919 -0.000324 0.000607 -0.000605 1.000000 
frame200
Iter0 0.998858 -0.007205 0.004316 0.004596 0.999994 -0.004122 -0.002836 0.000050 1.000000 
Iter1 0.999609 -0.002435 0.001169 0.001148 0.999905 -0.000469 0.001383 -0.001107 1.000000 
frame201
Iter0 0.999243 -0.010197 0.006515 0.006815 0.999877 -0.005461 -0.003038 0.000367 1.000000 
Iter1 0.999374 -0.004089 0.001738 0.001626 0.999975 -0.000652 0.001852 -0.001655 1.000000 
Iter2 0.999730 -0.001392 0.000505 0.000354 0.999954 -0.000107 0.001054 -0.000558 1.000000 
frame202
Iter0 0.999721 -0.011551 0.008337 0.007515 1.000084 -0.006855 -0.004061 0.000645 1.000000 
Iter1 0.999300 -0.005647 0.002358 0.001919 1.000410 -0.000873 0.002137 -0.001889 1.000000 
Iter2 0.999482 -0.001796 0.000716 0.000403 0.999979 -0.000123 0.001328 -0.000721 1.000000 
frame203
Iter0 0.999998 -0.010838 0.009488 0.008376 0.999099 -0.007211 -0.004261 -0.000655 1.000000 
Iter1 0.999673 -0.007949 0.003096 0.002177 1.000988 -0.000769 0.002948 0.000148 1.000000 
Iter2 0.999762 -0.002506 0.000877 0.000447 1.000033 -0.000173 0.001723 -0.000860 1.000000 
frame204
Iter0 0.999125 -0.006631 0.010710 0.008838 0.997948 -0.007025 -0.006956 -0.002407 1.000000 
Iter1 1.000621 -0.011362 0.004805 0.002501 1.001440 -0.000840 0.004458 0.001680 1.000000 
Iter2 0.999858 -0.004545 0.001497 0.000535 1.000139 -0.000145 0.002705 0.000060 1.000000 
frame205
Iter0 0.996007 0.006877 0.010319 0.009471 0.996242 -0.008188 -0.014781 -0.009515 1.000000 
Iter1 1.000748 -0.017031 0.007651 0.003053 1.003180 -0.001338 0.008480 0.003545 1.000000 
Iter2 1.002125 -0.011660 0.003693 0.000935 1.000585 -0.000015 0.005412 0.003761 1.000000 
Iter3 1.000423 -0.004750 0.001360 0.000174 1.000061 -0.000010 0.002515 0.000807 1.000000 
Iter4 0.999929 -0.001848 0.000454 0.000073 1.000024 -0.000024 0.001068 0.000072 1.000000 
frame206
Iter0 0.992009 0.020029 0.008703 0.010212 0.994776 -0.008762 -0.023249 -0.013242 1.000000 
Iter1 0.994964 -0.005751 0.007281 0.002952 1.003392 -0.002795 0.006542 -0.010508 1.000000 
Iter2 1.001810 -0.016557 0.006024 0.001403 1.001496 -0.000082 0.011473 0.004834 1.000000 
Iter3 1.006475 -0.016344 0.003954 0.000929 1.000294 0.000627 0.003898 0.010889 1.000000 
Iter4 1.003061 -0.008572 0.001859 0.000266 1.000117 0.000262 0.001812 0.005235 1.000000 
Iter5 1.000818 -0.003711 0.000789 0.000110 1.000019 0.000060 0.001295 0.001377 1.000000 
frame207
Iter0 0.991747 0.026113 0.007550 0.010204 0.994123 -0.008525 -0.031248 -0.010758 1.000000 
Iter1 0.991535 0.004756 0.006289 0.003242 1.003179 -0.003417 -0.000172 -0.015689 1.000000 
Iter2 0.994328 -0.005473 0.005418 0.001130 1.002376 -0.001237 0.009586 -0.007851 1.000000 
Iter3 0.999175 -0.011097 0.004853 0.000958 1.000628 -0.000127 0.012199 -0.000188 1.000000 
Iter4 1.004622 -0.014818 0.004166 0.000925 0.999928 0.000513 0.008123 0.007488 1.000000 
Iter5 1.007815 -0.015699 0.003313 0.001011 0.999655 0.000798 0.003154 0.011817 1.000000 
Iter6 1.006024 -0.011295 0.002122 0.000592 1.000020 0.000598 0.000023 0.009517 1.000000 
Iter7 1.002934 -0.006001 0.001221 0.000060 0.999927 0.000216 0.000608 0.004130 1.000000 
Iter8 1.001071 -0.003004 0.000635 0.000050 1.000021 0.000079 0.000527 0.001689 1.000000 
frame208
Iter0 0.992967 0.025001 0.006401 0.010136 0.993046 -0.008818 -0.036002 -0.006220 1.000000 
Iter1 0.992207 0.009125 0.006279 0.003980 1.003167 -0.004182 -0.006552 -0.014511 1.000000 
Iter2 0.993092 -0.002047 0.005508 0.001948 1.002792 -0.001692 0.005752 -0.009349 1.000000 
Iter3 0.996348 -0.007248 0.004958 0.000863 1.001133 -0.000622 0.010165 -0.004892 1.000000 
Iter4 1.000143 -0.010088 0.004467 0.000737 1.000251 -0.000005 0.010777 0.000099 1.000000 
Iter5 1.003701 -0.012234 0.003895 0.000900 0.999619 0.000337 0.008460 0.004289 1.000000 
Iter6 1.005736 -0.012988 0.003214 0.000849 0.999587 0.000545 0.004835 0.007791 1.000000 
Iter7 1.006247 -0.011959 0.002518 0.000771 0.999858 0.000605 0.001502 0.009369 1.000000 
Iter8 1.004492 -0.008842 0.001787 0.000495 1.000053 0.000421 0.000811 0.006971 1.000000 
Iter9 1.002676 -0.005645 0.001215 0.000091 1.000038 0.000147 0.000817 0.003628 1.000000 
Iter10 1.001406 -0.003418 0.000783 0.000053 1.000061 0.000086 0.000760 0.002047 1.000000 
frame209
Iter0 0.995755 0.022059 0.004799 0.007867 0.990764 -0.010519 -0.038545 -0.001956 1.000000 
Iter1 0.993630 0.011630 0.005510 0.005351 1.002869 -0.005832 -0.014263 -0.013016 1.000000 
Iter2 0.992483 0.000948 0.005136 0.003312 1.003831 -0.002809 0.001042 -0.010515 1.000000 
Iter3 0.994011 -0.004596 0.004998 0.001991 1.002540 -0.001298 0.008618 -0.007001 1.000000 
Iter4 0.996910 -0.007434 0.004709 0.001032 1.001136 -0.000453 0.011071 -0.003653 1.000000 
Iter5 0.999993 -0.009387 0.004286 0.000931 1.000168 -0.000004 0.010823 -0.000119 1.000000 
Iter6 1.003064 -0.010763 0.003874 0.001068 0.999597 0.000241 0.009497 0.002598 1.000000 
Iter7 1.004839 -0.011721 0.003303 0.000977 0.999589 0.000451 0.006081 0.006114 1.000000 
Iter8 1.005913 -0.011685 0.002742 0.000978 0.999604 0.000523 0.003150 0.007695 1.000000 
Iter9 1.005349 -0.010157 0.002199 0.000738 0.999710 0.000471 0.001851 0.007471 1.000000 
Iter10 1.003696 -0.007638 0.001612 0.000071 1.000186 0.000245 0.000932 0.005973 1.000000 
Iter11 1.002256 -0.005218 0.001128 0.000066 1.000178 0.000120 0.000996 0.003459 1.000000 
Iter12 1.001238 -0.003384 0.000790 0.000017 1.000236 0.000047 0.000903 0.001970 1.000000 
frame210
Iter0 0.997470 0.019138 0.003336 0.004013 0.988142 -0.011964 -0.037836 0.001900 1.000000 
Iter1 0.995734 0.014790 0.004377 0.005383 1.000474 -0.008058 -0.023444 -0.011642 1.000000 
Iter2 0.993096 0.004863 0.004389 0.003935 1.004998 -0.004307 -0.005680 -0.010160 1.000000 
Iter3 0.992587 -0.001504 0.004513 0.003365 1.004081 -0.002199 0.005103 -0.008197 1.000000 
Iter4 0.994233 -0.005463 0.004562 0.002402 1.002732 -0.001034 0.009663 -0.004926 1.000000 
Iter5 0.996995 -0.007416 0.004569 0.001443 1.001234 -0.000414 0.011898 -0.002627 1.000000 
Iter6 1.000122 -0.008934 0.004335 0.001357 1.000200 0.000024 0.011781 -0.000138 1.000000 
Iter7 1.002889 -0.010028 0.003932 0.001032 0.999741 0.000235 0.009525 0.002481 1.000000 
Iter8 1.004716 -0.010519 0.003454 0.001007 0.999408 0.000377 0.006784 0.004649 1.000000 
Iter9 1.005572 -0.010578 0.002915 0.000965 0.999411 0.000434 0.004746 0.006104 1.000000 
Iter10 1.004973 -0.009662 0.002334 0.000741 0.999653 0.000397 0.002850 0.006355 1.000000 
Iter11 1.004078 -0.007875 0.001833 0.000327 1.000039 0.000239 0.001389 0.005440 1.000000 
Iter12 1.002566 -0.006003 0.001387 0.000315 1.000202 0.000171 0.001474 0.004225 1.000000 
Iter13 1.001753 -0.004495 0.001056 0.000047 1.000164 0.000070 0.001149 0.002725 1.000000 
Iter14 1.001162 -0.003199 0.000802 0.000002 1.000221 0.000021 0.001184 0.001626 1.000000 
frame211
Iter0 0.998528 0.016799 0.002089 -0.000062 0.987123 -0.012632 -0.037886 0.006323 1.000000 
Iter1 0.998684 0.015691 0.002773 0.003534 0.996803 -0.010058 -0.032758 -0.007519 1.000000 
Iter2 0.995809 0.008194 0.002849 0.003843 1.003783 -0.006019 -0.015235 -0.011708 1.000000 
Iter3 0.993547 0.002341 0.002899 0.004103 1.004571 -0.003490 -0.003383 -0.009220 1.000000 
Iter4 0.992774 -0.001221 0.003123 0.003611 1.003968 -0.002081 0.003844 -0.007400 1.000000 
Iter5 0.993279 -0.003468 0.003497 0.003118 1.002834 -0.001292 0.008410 -0.006449 1.000000 
Iter6 0.994754 -0.005302 0.003770 0.002264 1.001851 -0.000690 0.011030 -0.004504 1.000000 
Iter7 0.996823 -0.006385 0.003974 0.001769 1.001157 -0.000395 0.012263 -0.002683 1.000000 
Iter8 0.999350 -0.007417 0.004016 0.001310 1.000466 -0.000082 0.011993 -0.000694 1.000000 
Iter9 1.001882 -0.008203 0.003913 0.001093 1.000065 0.000203 0.010414 0.001750 1.000000 
Iter10 1.003962 -0.009189 0.003686 0.000957 0.999743 0.000313 0.008865 0.003563 1.000000 
Iter11 1.005423 -0.009873 0.003343 0.001164 0.999310 0.000496 0.006564 0.005594 1.000000 
Iter12 1.005871 -0.009969 0.002916 0.001244 0.999370 0.000510 0.004675 0.006243 1.000000 
Iter13 1.005491 -0.009232 0.002376 0.000997 0.999520 0.000470 0.002873 0.006924 1.000000 
Iter14 1.004258 -0.007952 0.001870 0.000609 0.999775 0.000326 0.001772 0.005885 1.000000 
Iter15 1.003270 -0.006445 0.001480 0.000328 1.000046 0.000172 0.001196 0.004510 1.000000 
Iter16 1.002100 -0.004977 0.001149 0.000120 1.000256 0.000108 0.001010 0.003604 1.000000 
Iter17 1.001313 -0.003851 0.000951 0.000166 1.000352 0.000065 0.001261 0.002545 1.000000 
Iter18 1.000983 -0.002991 0.000723 -0.000025 1.000261 -0.000037 0.000983 0.001474 1.000000 
frame212
Iter0 0.998891 0.012559 0.001176 -0.004930 0.986437 -0.012983 -0.034325 0.008317 1.000000 
Iter1 1.000913 0.014050 0.001744 0.000177 0.991243 -0.011701 -0.039362 0.000139 1.000000 
Iter2 1.000094 0.009642 0.001882 0.001449 1.002349 -0.008545 -0.025659 -0.013125 1.000000 
Iter3 0.996525 0.004990 0.001773 0.003089 1.004738 -0.005505 -0.013021 -0.010456 1.000000 
Iter4 0.995009 0.001644 0.001873 0.003830 1.004398 -0.003597 -0.003943 -0.009352 1.000000 
Iter5 0.993951 -0.000302 0.002111 0.004283 1.003871 -0.002285 0.002733 -0.007406 1.000000 
Iter6 0.993820 -0.001916 0.002409 0.004202 1.003367 -0.001608 0.006314 -0.006519 1.000000 
Iter7 0.993882 -0.003030 0.002810 0.003756 1.002896 -0.001079 0.009077 -0.004671 1.000000 
Iter8 0.994513 -0.004159 0.003096 0.003169 1.002270 -0.000716 0.010646 -0.003489 1.000000 
Iter9 0.995922 -0.004869 0.003491 0.002713 1.001687 -0.000514 0.012276 -0.002981 1.000000 
Iter10 0.997506 -0.005683 0.003629 0.001987 1.000996 -0.000251 0.012509 -0.001498 1.000000 
Iter11 0.999598 -0.006502 0.003825 0.001482 1.000524 -0.000088 0.012243 0.000023 1.000000 
Iter12 1.001165 -0.006865 0.003779 0.001202 1.000195 0.000117 0.011436 0.001118 1.000000 
Iter13 1.002776 -0.007436 0.003621 0.001252 0.999775 0.000279 0.009840 0.002342 1.000000 
Iter14 1.004490 -0.008114 0.003404 0.000799 0.999628 0.000273 0.008161 0.003441 1.000000 
Iter15 1.005018 -0.008593 0.003029 0.001211 0.999299 0.000412 0.006417 0.004644 1.000000 
Iter16 1.005295 -0.008514 0.002670 0.000980 0.999409 0.000456 0.004338 0.005885 1.000000 
Iter17 1.004777 -0.008197 0.002196 0.001014 0.999473 0.000478 0.002892 0.006323 1.000000 
Iter18 1.004128 -0.007503 0.001824 0.000851 0.999755 0.000370 0.001898 0.006064 1.000000 
Iter19 1.003203 -0.006360 0.001494 0.000576 1.000102 0.000254 0.001252 0.005388 1.000000 
Iter20 1.002465 -0.005292 0.001241 0.000306 1.000299 0.000118 0.001188 0.004054 1.000000 
Iter21 1.001514 -0.004256 0.001021 0.000164 1.000404 -0.000003 0.001273 0.002809 1.000000 
Iter22 1.001190 -0.003363 0.000799 0.000129 1.000297 -0.000003 0.000873 0.001938 1.000000 
frame213
Iter0 0.997315 0.010207 0.000709 -0.007905 0.987912 -0.012769 -0.030047 0.008704 1.000000 
Iter1 1.000375 0.012735 0.001367 -0.002771 0.986660 -0.012594 -0.039626 0.006119 1.000000 
Iter2 1.001985 0.010602 0.001665 -0.000655 0.999735 -0.009925 -0.030894 -0.012928 1.000000 
Iter3 0.999673 0.006036 0.001554 0.000845 1.004037 -0.007123 -0.019735 -0.012865 1.000000 
Iter4 0.997346 0.002593 0.001524 0.002383 1.004846 -0.004720 -0.009442 -0.009688 1.000000 
Iter5 0.995876 0.000588 0.001709 0.003770 1.004503 -0.003097 -0.001759 -0.008003 1.000000 
Iter6 0.994993 -0.000573 0.002035 0.004266 1.003916 -0.002088 0.003628 -0.006044 1.000000 
Iter7 0.994670 -0.001924 0.002326 0.004507 1.003754 -0.001438 0.006943 -0.004552 1.000000 
Iter8 0.994324 -0.002837 0.002805 0.004395 1.003155 -0.001056 0.010745 -0.003792 1.000000 
Iter9 0.994761 -0.003929 0.003211 0.003921 1.002857 -0.000811 0.012841 -0.002618 1.000000 
Iter10 0.995853 -0.004758 0.003540 0.003429 1.002275 -0.000488 0.013619 -0.001222 1.000000 
Iter11 0.997436 -0.005573 0.003742 0.002767 1.001574 -0.000213 0.013946 -0.000250 1.000000 
Iter12 0.999141 -0.006029 0.003966 0.002031 1.001022 -0.000077 0.013569 0.000419 1.000000 
Iter13 1.000398 -0.006672 0.003842 0.001706 1.000438 0.000154 0.012928 0.001310 1.000000 
Iter14 1.002600 -0.007340 0.003740 0.001046 0.999985 0.000194 0.011061 0.002109 1.000000 
Iter15 1.003551 -0.007605 0.003485 0.001337 0.999599 0.000350 0.009762 0.003316 1.000000 
Iter16 1.004333 -0.008108 0.003127 0.001233 0.999310 0.000414 0.007611 0.004214 1.000000 
Iter17 1.004862 -0.008304 0.002754 0.001291 0.999367 0.000488 0.005502 0.005683 1.000000 
Iter18 1.004938 -0.008351 0.002322 0.000901 0.999583 0.000412 0.003310 0.006163 1.000000 
Iter19 1.004276 -0.007759 0.001887 0.001026 0.999814 0.000424 0.002175 0.006560 1.000000 
Iter20 1.003603 -0.006810 0.001551 0.000631 1.000029 0.000284 0.001327 0.006030 1.000000 
Iter21 1.002540 -0.005522 0.001247 0.000331 1.000207 0.000121 0.000823 0.004701 1.000000 
Iter22 1.001647 -0.004559 0.001017 0.000122 1.000505 0.000049 0.000984 0.003603 1.000000 
Iter23 1.001139 -0.003450 0.000800 0.000127 1.000493 -0.000015 0.000965 0.002259 1.000000 
frame214
Iter0 0.997563 0.009570 0.000620 -0.009110 0.989730 -0.012817 -0.027561 0.005733 1.000000 
Iter1 0.999972 0.012882 0.001472 -0.003366 0.985011 -0.012912 -0.037852 0.008910 1.000000 
Iter2 1.002304 0.010675 0.001594 -0.000955 0.998603 -0.010262 -0.032286 -0.010068 1.000000 
Iter3 0.999693 0.006365 0.001394 0.000385 1.003924 -0.007340 -0.021345 -0.010917 1.000000 
Iter4 0.997211 0.003208 0.001453 0.002571 1.004668 -0.004900 -0.010520 -0.009431 1.000000 
Iter5 0.995959 0.000785 0.001591 0.003781 1.004333 -0.003230 -0.002373 -0.007717 1.000000 
Iter6 0.995008 -0.000422 0.001743 0.004382 1.003690 -0.002141 0.002372 -0.006123 1.000000 
Iter7 0.994558 -0.001599 0.002077 0.004437 1.003398 -0.001484 0.006432 -0.004614 1.000000 
Iter8 0.994546 -0.002058 0.002492 0.004142 1.003077 -0.001091 0.009356 -0.004245 1.000000 
Iter9 0.994737 -0.003045 0.002706 0.004020 1.002824 -0.000769 0.010888 -0.002883 1.000000 
Iter10 0.995935 -0.004045 0.003313 0.003222 1.002185 -0.000654 0.012608 -0.002220 1.000000 
Iter11 0.996685 -0.004830 0.003474 0.002703 1.001641 -0.000325 0.013198 -0.001020 1.000000 
Iter12 0.998170 -0.005563 0.003625 0.002376 1.000968 -0.000080 0.013816 -0.000058 1.000000 
Iter13 1.000032 -0.006425 0.003849 0.001692 1.000775 0.000068 0.013319 0.001246 1.000000 
Iter14 1.001866 -0.006968 0.003771 0.001422 1.000075 0.000190 0.011378 0.001649 1.000000 
Iter15 1.003460 -0.007668 0.003590 0.001061 0.999874 0.000320 0.009908 0.003528 1.000000 
Iter16 1.004785 -0.008554 0.003363 0.001272 0.999312 0.000436 0.008149 0.004665 1.000000 
Iter17 1.005396 -0.008674 0.002994 0.001412 0.999306 0.000512 0.006213 0.005820 1.000000 
Iter18 1.005215 -0.008625 0.002496 0.001215 0.999454 0.000548 0.003824 0.006827 1.000000 
Iter19 1.004588 -0.007827 0.002053 0.000916 0.999544 0.000425 0.002339 0.006526 1.000000 
Iter20 1.003534 -0.006691 0.001577 0.000737 0.999970 0.000317 0.001431 0.006005 1.000000 
Iter21 1.002614 -0.005214 0.001268 0.000273 1.000066 0.000114 0.000929 0.004068 1.000000 
Iter22 1.001656 -0.004183 0.000996 0.000259 1.000329 0.000055 0.000913 0.003263 1.000000 
Iter23 1.001103 -0.003292 0.000824 0.000128 1.000306 -0.000024 0.001278 0.002033 1.000000 
frame215
Iter0 0.998256 0.007764 0.000956 -0.009890 0.991508 -0.012545 -0.023185 0.005834 1.000000 
Iter1 0.999858 0.010697 0.001422 -0.003938 0.985160 -0.012666 -0.037150 0.013353 1.000000 
Iter2 1.002254 0.009204 0.001426 -0.001042 0.997305 -0.010470 -0.034412 -0.005145 1.000000 
Iter3 1.000055 0.005676 0.001194 0.000851 1.003304 -0.007576 -0.023738 -0.009538 1.000000 
Iter4 0.998021 0.002465 0.001152 0.002392 1.003863 -0.005329 -0.013587 -0.009535 1.000000 
Iter5 0.996791 0.000659 0.001289 0.003534 1.003558 -0.003712 -0.005293 -0.009246 1.000000 
Iter6 0.995806 -0.000331 0.001319 0.004037 1.002966 -0.002553 -0.000567 -0.007933 1.000000 
Iter7 0.995288 -0.001079 0.001426 0.004006 1.002714 -0.001781 0.002168 -0.006460 1.000000 
Iter8 0.995279 -0.001439 0.001652 0.003869 1.002338 -0.001366 0.004967 -0.005522 1.000000 
Iter9 0.995422 -0.001770 0.001816 0.003393 1.002143 -0.001082 0.005894 -0.004617 1.000000 
Iter10 0.995399 -0.002272 0.002061 0.003212 1.002151 -0.000760 0.007108 -0.002866 1.000000 
Iter11 0.995662 -0.002502 0.002260 0.003185 1.001744 -0.000583 0.008960 -0.003121 1.000000 
Iter12 0.996103 -0.002813 0.002531 0.002639 1.001587 -0.000509 0.009640 -0.002719 1.000000 
Iter13 0.996879 -0.003272 0.002775 0.002314 1.001360 -0.000372 0.010561 -0.001952 1.000000 
Iter14 0.997741 -0.003807 0.002977 0.001947 1.000930 -0.000283 0.010848 -0.001869 1.000000 
Iter15 0.998915 -0.004474 0.003133 0.001806 1.000661 -0.000127 0.010906 -0.000567 1.000000 
Iter16 1.000375 -0.005313 0.003299 0.001294 1.000331 -0.000047 0.010762 0.000027 1.000000 
Iter17 1.001742 -0.006071 0.003415 0.001207 1.000031 0.000140 0.010647 0.001702 1.000000 
Iter18 1.003016 -0.007076 0.003403 0.001359 0.999767 0.000238 0.009844 0.002464 1.000000 
Iter19 1.004253 -0.007779 0.003364 0.001500 0.999789 0.000464 0.008526 0.004866 1.000000 
Iter20 1.005254 -0.008573 0.003168 0.001439 0.999272 0.000558 0.006996 0.005655 1.000000 
Iter21 1.005486 -0.008528 0.002840 0.001514 0.999407 0.000590 0.005240 0.007038 1.000000 
Iter22 1.005073 -0.008048 0.002386 0.001143 0.999494 0.000553 0.003181 0.007068 1.000000 
Iter23 1.004150 -0.006952 0.001902 0.000964 0.999579 0.000434 0.002144 0.006155 1.000000 
Iter24 1.003087 -0.005786 0.001475 0.000550 0.999958 0.000256 0.001406 0.005104 1.000000 
Iter25 1.002095 -0.004632 0.001167 0.000354 1.000103 0.000176 0.001342 0.004132 1.000000 
Iter26 1.001312 -0.003542 0.000955 0.000303 1.000266 0.000063 0.001239 0.002673 1.000000 
Iter27 1.000882 -0.002902 0.000825 0.000262 1.000355 -0.000028 0.001519 0.001751 1.000000 
frame216
Iter0 0.999016 0.005768 0.001045 -0.010438 0.992547 -0.012063 -0.018831 0.006971 1.000000 
Iter1 1.000707 0.008511 0.001477 -0.004705 0.985202 -0.012504 -0.034358 0.016386 1.000000 
Iter2 1.003185 0.007656 0.001166 -0.000844 0.995905 -0.010793 -0.037483 -0.002171 1.000000 
Iter3 1.001471 0.004643 0.001088 0.000170 1.002490 -0.008106 -0.027156 -0.009126 1.000000 
Iter4 0.999097 0.001655 0.000963 0.002275 1.003865 -0.005864 -0.016732 -0.009605 1.000000 
Iter5 0.997372 0.000122 0.001006 0.003385 1.003281 -0.004195 -0.008821 -0.009685 1.000000 
Iter6 0.996543 -0.000769 0.001134 0.003868 1.002745 -0.003036 -0.003441 -0.009269 1.000000 
Iter7 0.996019 -0.001140 0.001298 0.004105 1.002304 -0.002181 0.000821 -0.007698 1.000000 
Iter8 0.995746 -0.001322 0.001397 0.004067 1.002201 -0.001692 0.002761 -0.006496 1.000000 
Iter9 0.995543 -0.001441 0.001420 0.003597 1.002089 -0.001301 0.003676 -0.005269 1.000000 
Iter10 0.995611 -0.001331 0.001591 0.003422 1.001775 -0.001035 0.005147 -0.004817 1.000000 
Iter11 0.995710 -0.001569 0.001770 0.003181 1.001832 -0.000826 0.006497 -0.003842 1.000000 
Iter12 0.995861 -0.001974 0.001917 0.003004 1.001761 -0.000604 0.007365 -0.002679 1.000000 
Iter13 0.996101 -0.002230 0.002040 0.002691 1.001617 -0.000547 0.007662 -0.002310 1.000000 
Iter14 0.996434 -0.002493 0.002285 0.002476 1.001548 -0.000455 0.008979 -0.002379 1.000000 
Iter15 0.996954 -0.002860 0.002444 0.002368 1.001247 -0.000406 0.009318 -0.001933 1.000000 
Iter16 0.997642 -0.003136 0.002721 0.002072 1.001175 -0.000302 0.010151 -0.001372 1.000000 
Iter17 0.998356 -0.003650 0.002879 0.001915 1.000990 -0.000162 0.010379 -0.000333 1.000000 
Iter18 0.999354 -0.004276 0.003075 0.001646 1.000730 -0.000063 0.010556 0.000166 1.000000 
Iter19 1.000426 -0.004915 0.003207 0.001321 1.000457 0.000083 0.010316 0.000797 1.000000 
Iter20 1.001868 -0.005751 0.003338 0.001383 0.999894 0.000167 0.010615 0.001299 1.000000 
Iter21 1.003035 -0.006920 0.003369 0.001407 1.000009 0.000339 0.009715 0.003231 1.000000 
Iter22 1.004562 -0.007991 0.003399 0.001508 0.999504 0.000475 0.008801 0.004798 1.000000 
Iter23 1.005315 -0.008709 0.003186 0.001549 0.999497 0.000633 0.006795 0.006710 1.000000 
Iter24 1.005783 -0.008788 0.002861 0.001441 0.999461 0.000625 0.004782 0.007473 1.000000 
Iter25 1.005089 -0.008135 0.002395 0.001149 0.999571 0.000562 0.003402 0.007233 1.000000 
Iter26 1.003917 -0.006890 0.001976 0.001161 0.999821 0.000426 0.002648 0.006378 1.000000 
Iter27 1.002645 -0.005511 0.001514 0.000698 1.000014 0.000180 0.001817 0.004581 1.000000 
Iter28 1.001779 -0.004461 0.001200 0.000517 1.000124 0.000050 0.001714 0.003195 1.000000 
