frame1
Iter0 1.000151 -0.001346 0.000091 -0.000558 1.000533 0.000334 -0.001027 0.005537 1.000000 
frame2
Iter0 0.999873 -0.000996 0.000185 -0.000061 1.000262 -0.000015 0.000211 0.000943 1.000000 
frame3
Iter0 1.000032 -0.000528 0.000109 -0.000206 1.000112 -0.000004 -0.000177 0.000454 1.000000 
frame4
Iter0 0.999961 -0.000431 0.000110 -0.000073 0.999996 -0.000000 -0.000041 0.000125 1.000000 
frame5
Iter0 1.000075 -0.000337 0.000060 -0.000021 1.000019 0.000009 0.000243 0.000191 1.000000 
frame6
Iter0 1.000010 -0.000171 0.000001 -0.000058 0.999985 0.000037 -0.000075 0.000057 1.000000 
frame7
Iter0 0.999988 -0.000022 0.000014 0.000035 1.000069 -0.000019 0.000286 0.000123 1.000000 
frame8
Iter0 0.999907 -0.000123 0.000026 -0.000053 1.000082 -0.000019 -0.000112 0.000030 1.000000 
frame9
Iter0 1.000108 -0.000002 -0.000000 0.000066 0.999912 -0.000001 0.000264 0.000005 1.000000 
frame10
Iter0 0.999917 -0.000086 -0.000007 -0.000043 0.999910 0.000020 -0.000142 -0.000243 1.000000 
frame11
Iter0 1.000174 0.000117 -0.000007 -0.000043 1.000014 0.000047 0.000252 0.000273 1.000000 
frame12
Iter0 0.999835 0.000090 -0.000009 -0.000139 0.999982 0.000043 -0.000160 -0.000140 1.000000 
frame13
Iter0 1.000167 0.000027 -0.000009 -0.000053 1.000059 0.000044 0.000076 0.000328 1.000000 
frame14
Iter0 0.999915 -0.000131 0.000015 -0.000023 0.999916 -0.000020 -0.000070 -0.000453 1.000000 
frame15
Iter0 0.999926 0.000068 0.000040 0.000026 1.000016 -0.000024 0.000247 0.000388 1.000000 
frame16
Iter0 0.999974 -0.000043 0.000020 0.000008 1.000013 -0.000063 -0.000137 -0.000204 1.000000 
frame17
Iter0 1.000020 -0.000014 -0.000022 0.000005 1.000111 -0.000055 -0.000080 -0.000119 1.000000 
frame18
Iter0 1.000095 0.000034 0.000028 -0.000035 0.999978 0.000005 0.000277 0.000008 1.000000 
frame19
Iter0 0.999860 -0.000111 0.000004 -0.000025 0.999930 -0.000015 -0.000235 -0.000178 1.000000 
frame20
Iter0 1.000022 -0.000055 -0.000001 -0.000024 1.000016 -0.000014 0.000087 0.000048 1.000000 
frame21
Iter0 0.999886 0.000014 0.000022 0.000069 1.000016 -0.000052 0.000198 -0.000281 1.000000 
frame22
Iter0 0.999959 -0.000014 -0.000020 -0.000057 1.000102 0.000008 -0.000107 0.000294 1.000000 
frame23
Iter0 1.000105 -0.000020 -0.000031 -0.000087 0.999903 0.000042 -0.000170 0.000072 1.000000 
frame24
Iter0 1.000036 -0.000002 -0.000056 -0.000098 0.999929 0.000116 0.000102 0.000274 1.000000 
frame25
Iter0 1.000067 0.000071 -0.000035 0.000049 1.000030 0.000099 0.000139 0.000197 1.000000 
frame26
Iter0 1.000098 0.000131 -0.000017 -0.000022 0.999888 0.000056 -0.000146 0.000114 1.000000 
frame27
Iter0 0.999980 -0.000086 0.000005 0.000009 0.999982 -0.000013 -0.000157 0.000169 1.000000 
frame28
Iter0 0.999974 -0.000046 0.000065 0.000083 1.000087 -0.000108 0.000122 -0.000228 1.000000 
frame29
Iter0 0.999855 0.000040 0.000040 0.000010 0.999995 -0.000148 -0.000063 -0.000540 1.000000 
frame30
Iter0 0.999911 -0.000025 0.000090 0.000084 1.000091 -0.000081 0.000235 -0.000405 1.000000 
frame31
Iter0 1.000051 -0.000233 -0.000012 0.000009 0.999981 0.000036 0.000080 -0.000009 1.000000 
frame32
Iter0 0.999908 0.000053 -0.000024 -0.000027 0.999986 0.000032 -0.000316 0.000300 1.000000 
frame33
Iter0 1.000080 0.000044 0.000017 0.000037 1.000038 -0.000008 0.000325 0.000239 1.000000 
frame34
Iter0 0.999964 0.000058 0.000014 0.000076 0.999980 -0.000005 -0.000062 -0.000183 1.000000 
frame35
Iter0 0.999945 -0.000100 0.000001 -0.000027 0.999955 0.000015 -0.000013 0.000038 1.000000 
frame36
Iter0 1.000053 0.000057 -0.000003 0.000023 0.999985 0.000007 -0.000012 -0.000027 1.000000 
frame37
Iter0 1.000056 0.000054 -0.000007 -0.000019 1.000060 0.000020 0.000157 -0.000114 1.000000 
frame38
Iter0 1.000027 -0.000143 -0.000004 0.000002 0.999895 0.000039 -0.000155 -0.000011 1.000000 
frame39
Iter0 0.999950 0.000039 -0.000015 0.000078 1.000040 0.000064 0.000063 0.000409 1.000000 
frame40
Iter0 1.000094 0.000106 -0.000021 -0.000021 0.999902 0.000061 -0.000035 0.000178 1.000000 
frame41
Iter0 0.999942 -0.000019 -0.000014 -0.000048 1.000067 0.000019 -0.000136 -0.000107 1.000000 
frame42
Iter0 1.000016 -0.000049 0.000034 0.000038 0.999907 -0.000043 0.000241 -0.000124 1.000000 
frame43
Iter0 0.999954 0.000025 0.000019 -0.000061 1.000125 -0.000091 -0.000146 -0.000037 1.000000 
frame44
Iter0 0.999931 -0.000078 0.000039 0.000087 1.000070 -0.000080 0.000033 -0.000385 1.000000 
frame45
Iter0 0.999922 0.000090 0.000044 -0.000041 0.999848 0.000000 0.000002 -0.000228 1.000000 
frame46
Iter0 1.000069 -0.000056 -0.000022 -0.000062 1.000059 -0.000004 -0.000153 0.000138 1.000000 
frame47
Iter0 1.000131 0.000017 0.000016 0.000009 0.999929 0.000013 0.000249 0.000116 1.000000 
frame48
Iter0 0.999966 -0.000128 0.000003 -0.000015 1.000122 0.000009 -0.000151 0.000207 1.000000 
frame49
Iter0 1.000038 -0.000041 -0.000010 -0.000039 1.000042 -0.000004 -0.000075 0.000103 1.000000 
frame50
Iter0 0.999916 -0.000025 0.000026 -0.000094 0.999922 -0.000042 0.000143 -0.000315 1.000000 
frame51
Iter0 1.000155 0.000068 0.000009 -0.000012 1.000121 -0.000068 0.000103 -0.000230 1.000000 
frame52
Iter0 0.999889 0.000037 0.000030 -0.000080 0.999907 -0.000070 0.000150 0.000085 1.000000 
frame53
Iter0 0.999837 -0.000062 0.000067 0.000056 0.999960 -0.000164 -0.000196 -0.000982 1.000000 
frame54
Iter0 0.999918 -0.000064 0.000130 -0.000030 1.000031 -0.000161 -0.000135 -0.000537 1.000000 
frame55
Iter0 0.999896 -0.000059 0.000097 -0.000031 1.000116 -0.000146 0.000254 0.000007 1.000000 
frame56
Iter0 0.999938 -0.000016 0.000067 0.000064 1.000171 -0.000136 -0.000217 -0.000430 1.000000 
frame57
Iter0 0.999909 -0.000170 0.000192 -0.000084 1.000040 -0.000282 0.000056 -0.000722 1.000000 
frame58
Iter0 0.999695 -0.000200 0.000386 0.000377 1.000144 -0.000571 0.000184 -0.001246 1.000000 
frame59
Iter0 0.999430 -0.000402 0.000553 0.000298 1.000249 -0.000739 -0.000124 -0.001549 1.000000 
frame60
Iter0 0.999504 -0.001047 0.000503 0.000273 1.000208 -0.000764 -0.000215 -0.001606 1.000000 
frame61
Iter0 0.999394 -0.001494 0.000503 0.000277 1.000280 -0.000667 -0.000163 -0.000916 1.000000 
frame62
Iter0 0.999416 -0.001584 0.000485 0.000277 1.000113 -0.000711 -0.000295 -0.001198 1.000000 
frame63
Iter0 0.999723 -0.001600 0.000429 0.000277 1.000517 -0.000628 0.000099 -0.000020 1.000000 
frame64
Iter0 0.999712 -0.001257 0.000257 0.000188 1.000383 -0.000359 -0.000311 -0.000195 1.000000 
frame65
Iter0 0.999969 -0.000887 0.000113 0.000008 1.000060 -0.000026 0.000237 0.000322 1.000000 
frame66
Iter0 1.000057 -0.000509 -0.000100 -0.000155 1.000001 0.000261 0.000145 0.000718 1.000000 
frame67
Iter0 1.000235 -0.000111 -0.000255 -0.000320 0.999975 0.000399 0.000050 0.000895 1.000000 
frame68
Iter0 1.000321 0.000303 -0.000331 -0.000226 0.999905 0.000480 0.000125 0.001038 1.000000 
frame69
Iter0 1.000205 0.000547 -0.000302 -0.000224 0.999829 0.000375 0.000692 0.000201 1.000000 
frame70
Iter0 1.000270 0.000671 -0.000336 -0.000105 0.999924 0.000325 0.000387 0.000365 1.000000 
frame71
Iter0 1.000156 0.000557 -0.000258 -0.000195 0.999718 0.000206 0.000034 -0.000036 1.000000 
frame72
Iter0 1.000132 0.000663 -0.000142 0.000070 1.000028 0.000107 0.000013 -0.000134 1.000000 
frame73
Iter0 1.000101 0.000342 -0.000072 -0.000143 0.999941 0.000079 0.000235 0.000124 1.000000 
frame74
Iter0 1.000298 0.000220 -0.000115 -0.000185 1.000044 0.000274 0.000460 0.000368 1.000000 
frame75
Iter0 1.000197 0.000342 -0.000327 -0.000399 0.999999 0.000542 -0.000050 0.001155 1.000000 
frame76
Iter0 1.000427 0.000589 -0.000297 -0.000481 0.999999 0.000709 0.000110 0.001169 1.000000 
frame77
Iter0 1.000590 0.000869 -0.000214 -0.000507 0.999615 0.000746 0.000092 0.000763 1.000000 
frame78
Iter0 1.000521 0.001048 -0.000003 -0.000405 0.999790 0.000724 -0.000113 0.000704 1.000000 
frame79
Iter0 1.000611 0.001367 0.000406 -0.000274 0.999973 0.000581 0.000101 0.000162 1.000000 
frame80
Iter0 1.000738 0.001312 0.000873 -0.000335 1.000489 0.000383 0.000321 -0.000774 1.000000 
frame81
Iter0 1.000599 0.000916 0.001269 -0.000395 1.000471 0.000432 -0.000468 -0.000923 1.000000 
frame82
Iter0 1.000861 0.000740 0.001685 -0.000452 1.000805 0.000587 0.000231 -0.000038 1.000000 
frame83
Iter0 1.001015 0.000822 0.002056 -0.000195 1.001077 0.000735 0.000438 0.000144 1.000000 
frame84
Iter0 1.000951 0.001817 0.002395 0.000169 1.001248 0.000906 -0.000347 -0.001168 1.000000 
frame85
Iter0 1.001402 0.002086 0.002690 0.000637 1.001443 0.001162 -0.001224 -0.000602 1.000000 
frame86
Iter0 1.001173 0.001687 0.002912 0.000450 1.001172 0.001393 -0.001053 -0.001773 1.000000 
Iter1 1.000374 -0.002653 0.001175 0.000303 0.999921 0.000289 0.000904 0.002427 1.000000 
frame87
Iter0 1.001322 0.000313 0.002609 0.000462 1.001772 0.001321 -0.000544 -0.001726 1.000000 
frame88
Iter0 1.001852 0.001120 0.002538 0.000348 1.002086 0.001504 -0.001044 -0.000345 1.000000 
frame89
Iter0 1.001517 0.000528 0.002157 0.000374 1.001876 0.001517 -0.000575 0.000196 1.000000 
frame90
Iter0 1.001892 -0.000451 0.001892 0.000305 1.001762 0.001664 0.000098 0.001237 1.000000 
frame91
Iter0 1.001814 -0.001455 0.001563 -0.000038 1.001522 0.001657 0.000571 -0.000214 1.000000 
frame92
Iter0 1.001396 -0.001158 0.001120 0.000092 1.001520 0.001605 -0.000028 -0.000141 1.000000 
frame93
Iter0 1.001554 -0.001005 0.000911 0.000287 1.001589 0.001568 -0.000189 0.001180 1.000000 
frame94
Iter0 1.001796 -0.000474 0.000719 0.000295 1.001785 0.001482 0.000457 0.000705 1.000000 
frame95
Iter0 1.001448 -0.000443 0.000475 -0.000036 1.001562 0.001442 -0.000465 0.000198 1.000000 
frame96
Iter0 1.001414 -0.000774 0.000277 0.000127 1.001350 0.001440 -0.000159 0.000613 1.000000 
frame97
Iter0 1.001507 -0.000571 0.000218 0.000121 1.001498 0.001462 -0.000715 -0.000767 1.000000 
frame98
Iter0 1.001685 0.000024 0.000263 0.000222 1.001799 0.001533 -0.000248 0.000208 1.000000 
frame99
Iter0 1.001854 0.000155 0.000306 0.000181 1.001979 0.001497 0.000088 0.000015 1.000000 
frame100
Iter0 1.001691 0.000161 0.000411 0.000268 1.001899 0.001556 -0.000197 -0.000479 1.000000 
frame101
Iter0 1.001929 0.000113 0.000387 -0.000023 1.001760 0.001723 0.000285 0.000873 1.000000 
frame102
Iter0 1.001886 -0.000220 0.000248 -0.000084 1.001744 0.001693 0.000267 0.000204 1.000000 
frame103
Iter0 1.001762 -0.000555 0.000198 -0.000115 1.001729 0.001704 -0.000678 0.000227 1.000000 
frame104
Iter0 1.002139 -0.000461 0.000272 -0.000161 1.002331 0.001758 0.000148 -0.000014 1.000000 
frame105
Iter0 1.001934 -0.000576 0.000271 -0.000045 1.002060 0.001868 -0.000344 -0.001159 1.000000 
frame106
Iter0 1.002009 -0.000000 0.000220 0.000161 1.002071 0.002036 0.000525 0.000247 1.000000 
frame107
Iter0 1.002087 0.000091 0.000351 -0.000020 1.002319 0.001999 0.000494 -0.000527 1.000000 
frame108
Iter0 1.002172 0.000165 0.000298 0.000068 1.002142 0.002085 -0.000491 0.001091 1.000000 
frame109
Iter0 1.002464 -0.000143 0.000235 -0.000088 1.002748 0.002089 0.000410 -0.000162 1.000000 
frame110
Iter0 1.002644 -0.000549 0.000007 0.000194 1.002434 0.002176 -0.000729 -0.000155 1.000000 
frame111
Iter0 1.002676 -0.000609 0.000049 0.000136 1.002587 0.002413 0.000694 -0.000324 1.000000 
frame112
Iter0 1.002781 -0.000407 -0.000098 -0.000054 1.002798 0.002532 0.000143 0.001272 1.000000 
frame113
Iter0 1.002774 -0.000376 -0.000181 -0.000589 1.002973 0.002630 0.000615 -0.000363 1.000000 
frame114
Iter0 1.003121 -0.000232 -0.000238 -0.000305 1.003285 0.002789 0.001206 0.000297 1.000000 
frame115
Iter0 1.003109 -0.000382 -0.000309 -0.000692 1.003298 0.002844 -0.000308 0.000216 1.000000 
frame116
Iter0 1.003616 0.000795 0.000013 -0.000073 1.003429 0.002885 -0.000004 -0.000584 1.000000 
frame117
Iter0 1.003338 0.000877 0.000389 -0.000373 1.003086 0.003009 0.000259 -0.000828 1.000000 
frame118
Iter0 1.003630 0.000838 0.000949 -0.000141 1.003352 0.003199 0.000916 -0.000366 1.000000 
Iter1 1.000642 -0.000842 0.000374 0.000255 0.999225 0.000392 0.000521 0.001860 1.000000 
frame119
Iter0 1.003193 0.000565 0.000884 -0.000602 1.004303 0.003040 -0.000007 -0.002103 1.000000 
Iter1 1.000900 -0.000623 0.000315 0.000185 0.999309 0.000377 0.000086 0.002493 1.000000 
frame120
Iter0 1.002794 0.000483 0.000828 -0.000332 1.004715 0.003152 0.000517 -0.002056 1.000000 
Iter1 1.000861 -0.000539 0.000256 0.000250 0.999269 0.000381 0.000260 0.002298 1.000000 
frame121
Iter0 1.003424 0.000440 0.000661 -0.000292 1.004782 0.003351 -0.001068 -0.001752 1.000000 
Iter1 1.000750 -0.000726 0.000307 0.000135 0.999237 0.000404 0.000780 0.002734 1.000000 
frame122
Iter0 1.003291 0.000557 0.000740 -0.000397 1.005020 0.003476 -0.000348 -0.002591 1.000000 
Iter1 1.001081 -0.000562 0.000303 0.000180 0.999109 0.000418 0.000172 0.003080 1.000000 
frame123
Iter0 1.003334 0.000550 0.000766 -0.000220 1.005028 0.003574 -0.000239 -0.003448 1.000000 
Iter1 1.000920 -0.000535 0.000240 0.000329 0.999232 0.000410 0.000543 0.002738 1.000000 
frame124
Iter0 1.003579 0.000593 0.000583 -0.000076 1.005395 0.003819 -0.000488 -0.003291 1.000000 
Iter1 1.000760 -0.000426 0.000226 0.000253 0.999017 0.000402 0.000761 0.002929 1.000000 
frame125
Iter0 1.003955 0.000552 0.000660 -0.000290 1.005696 0.004107 -0.001288 -0.002165 1.000000 
Iter1 1.001323 -0.000504 0.000262 0.000289 0.999041 0.000508 0.000320 0.003485 1.000000 
frame126
Iter0 1.003997 0.000974 0.000963 -0.000283 1.006220 0.004221 -0.001120 -0.003789 1.000000 
Iter1 1.001075 -0.000578 0.000342 0.000288 0.998994 0.000479 0.001189 0.003957 1.000000 
frame127
Iter0 1.004040 0.001147 0.001411 -0.000238 1.006142 0.004393 -0.000253 -0.004843 1.000000 
Iter1 1.001250 -0.000709 0.000442 0.000366 0.998752 0.000519 0.000599 0.003651 1.000000 
frame128
Iter0 1.004480 0.000896 0.001458 -0.000841 1.006286 0.004705 -0.000695 -0.003505 1.000000 
Iter1 1.001134 -0.000811 0.000493 0.000469 0.998798 0.000489 0.000952 0.003833 1.000000 
frame129
Iter0 1.004765 0.000757 0.001119 -0.000813 1.006598 0.004801 -0.000427 -0.002858 1.000000 
Iter1 1.001233 -0.000619 0.000367 0.000383 0.999072 0.000491 0.000215 0.004215 1.000000 
frame130
Iter0 1.004618 0.000984 0.000983 -0.001055 1.006525 0.004841 -0.000433 -0.002426 1.000000 
Iter1 1.001054 -0.000489 0.000381 0.000395 0.998655 0.000467 0.001350 0.003296 1.000000 
frame131
Iter0 1.004308 0.001274 0.001348 -0.000887 1.005689 0.004743 0.000017 -0.004441 1.000000 
Iter1 1.001104 -0.000753 0.000420 0.000455 0.998958 0.000460 0.000583 0.003408 1.000000 
frame132
Iter0 1.004470 0.001286 0.001401 -0.001090 1.006451 0.004655 -0.000700 -0.001868 1.000000 
Iter1 1.001045 -0.000657 0.000434 0.000385 0.998793 0.000459 0.000567 0.004120 1.000000 
frame133
Iter0 1.004581 0.000650 0.001257 -0.000988 1.006282 0.004712 0.000859 -0.002179 1.000000 
Iter1 1.001160 -0.000682 0.000371 0.000511 0.998877 0.000458 0.000038 0.003526 1.000000 
frame134
Iter0 1.004350 0.001188 0.000617 -0.001009 1.005442 0.004771 -0.001042 -0.003322 1.000000 
Iter1 1.000793 -0.000305 0.000230 0.000263 0.998686 0.000472 0.000551 0.002992 1.000000 
frame135
Iter0 1.004605 0.000312 0.000363 -0.000805 1.006394 0.004536 0.001395 -0.001162 1.000000 
Iter1 1.000975 -0.000027 0.000160 0.000382 0.998862 0.000441 -0.000169 0.003171 1.000000 
frame136
Iter0 1.004286 -0.000014 -0.000169 -0.000933 1.006028 0.004318 0.000339 -0.002682 1.000000 
Iter1 1.000978 -0.000117 0.000029 0.000168 0.998868 0.000409 0.000197 0.003013 1.000000 
frame137
Iter0 1.003934 -0.000860 -0.001373 -0.001053 1.005837 0.004251 -0.000069 -0.002235 1.000000 
Iter1 1.001011 0.000416 -0.000284 0.000300 0.998924 0.000377 0.000461 0.002643 1.000000 
frame138
Iter0 1.004088 -0.000541 -0.002664 -0.001628 1.005897 0.004110 0.001528 -0.000558 1.000000 
Iter1 1.000844 0.000951 -0.000621 0.000174 0.998810 0.000277 -0.000340 0.001670 1.000000 
frame139
Iter0 1.004036 -0.001767 -0.004030 -0.000740 1.006496 0.004237 0.000722 -0.002503 1.000000 
Iter1 1.000906 0.001877 -0.000915 0.000136 0.998713 0.000306 -0.000188 0.001947 1.000000 
frame140
Iter0 1.004393 -0.001458 -0.003886 -0.000754 1.006412 0.004426 0.001318 -0.001100 1.000000 
Iter1 1.000733 0.001462 -0.000831 0.000125 0.998762 0.000285 -0.000224 0.002009 1.000000 
frame141
Iter0 1.004352 -0.000474 -0.003586 -0.000763 1.006375 0.004583 0.000348 -0.001978 1.000000 
Iter1 1.001035 0.001750 -0.000838 0.000344 0.998648 0.000335 0.000000 0.002269 1.000000 
frame142
Iter0 1.004468 -0.000973 -0.003250 -0.000165 1.006806 0.004763 -0.000249 -0.002776 1.000000 
Iter1 1.001193 0.001436 -0.000664 0.000335 0.998552 0.000334 0.000249 0.002360 1.000000 
frame143
Iter0 1.005056 -0.001184 -0.003111 0.000110 1.007267 0.005041 -0.001279 -0.002445 1.000000 
Iter1 1.001092 0.001504 -0.000617 0.000276 0.998684 0.000385 0.000095 0.003104 1.000000 
frame144
Iter0 1.005184 -0.000619 -0.003068 0.000246 1.007622 0.005146 -0.000857 -0.002808 1.000000 
Iter1 1.001088 0.001424 -0.000586 0.000263 0.998524 0.000374 0.000330 0.002806 1.000000 
frame145
Iter0 1.005184 -0.000718 -0.003187 0.000470 1.007651 0.005634 -0.001660 -0.002735 1.000000 
Iter1 1.001516 0.001215 -0.000621 0.000293 0.998461 0.000356 0.000979 0.003157 1.000000 
frame146
Iter0 1.005631 -0.000328 -0.003396 0.000504 1.007869 0.005813 -0.002191 -0.002974 1.000000 
Iter1 1.001351 0.001449 -0.000596 0.000256 0.998562 0.000403 0.000573 0.003967 1.000000 
frame147
Iter0 1.005858 -0.000558 -0.003375 0.000637 1.008270 0.006134 -0.000685 -0.002687 1.000000 
Iter1 1.001075 0.001270 -0.000610 0.000472 0.998385 0.000344 -0.000219 0.002780 1.000000 
frame148
Iter0 1.006139 -0.000281 -0.003062 0.000310 1.008909 0.006195 -0.001346 -0.004072 1.000000 
Iter1 1.001408 0.001451 -0.000589 0.000216 0.998511 0.000396 0.000597 0.004382 1.000000 
frame149
Iter0 1.006028 -0.000794 -0.002713 0.000210 1.009075 0.006458 -0.000905 -0.003589 1.000000 
Iter1 1.001425 0.000917 -0.000457 0.000535 0.998133 0.000376 0.000224 0.003953 1.000000 
frame150
Iter0 1.006583 -0.000022 -0.002372 -0.000417 1.008917 0.006553 -0.000775 -0.004087 1.000000 
Iter1 1.001180 0.001285 -0.000418 0.000477 0.998231 0.000384 -0.000031 0.004113 1.000000 
frame151
Iter0 1.006322 -0.000604 -0.002250 0.000369 1.009346 0.006832 -0.001105 -0.003549 1.000000 
Iter1 1.001394 0.000794 -0.000350 0.000411 0.998323 0.000402 0.000643 0.004513 1.000000 
frame152
Iter0 1.006393 -0.000138 -0.001957 -0.000527 1.008809 0.006808 -0.000781 -0.003185 1.000000 
Iter1 1.001410 0.000759 -0.000294 0.000549 0.998333 0.000361 0.001028 0.003924 1.000000 
frame153
Iter0 1.006429 -0.000081 -0.001902 -0.000367 1.009196 0.006727 -0.000489 -0.004071 1.000000 
Iter1 1.001262 0.000770 -0.000284 0.000495 0.998247 0.000360 0.000387 0.004060 1.000000 
frame154
Iter0 1.006644 -0.000144 -0.001693 -0.000415 1.009377 0.006646 -0.000214 -0.003797 1.000000 
Iter1 1.001198 0.000490 -0.000270 0.000529 0.998129 0.000364 -0.000398 0.004203 1.000000 
frame155
Iter0 1.006372 0.000002 -0.000971 -0.000632 1.008921 0.006438 -0.000068 -0.003604 1.000000 
Iter1 1.001255 0.000326 -0.000096 0.000606 0.998351 0.000343 0.000527 0.004006 1.000000 
frame156
Iter0 1.005827 0.000186 -0.000159 -0.000954 1.008073 0.006167 -0.000813 -0.004288 1.000000 
Iter1 1.001142 0.000143 0.000030 0.000479 0.998526 0.000391 0.000541 0.003982 1.000000 
frame157
Iter0 1.006000 -0.000006 0.000215 -0.000375 1.008572 0.005989 0.000019 -0.003384 1.000000 
Iter1 1.001070 -0.000367 0.000118 0.000226 0.998457 0.000419 0.000634 0.004457 1.000000 
frame158
Iter0 1.005869 -0.000513 0.000670 -0.000855 1.008356 0.005805 0.001136 -0.004142 1.000000 
Iter1 1.000904 -0.000213 0.000122 0.000550 0.998357 0.000311 -0.000606 0.003355 1.000000 
frame159
Iter0 1.005642 0.000443 0.001155 -0.001003 1.008011 0.005668 0.000304 -0.003715 1.000000 
Iter1 1.001145 -0.000435 0.000221 0.000584 0.998712 0.000356 0.000456 0.004210 1.000000 
frame160
Iter0 1.005662 -0.000234 0.001946 -0.000551 1.008038 0.005691 -0.000772 -0.004151 1.000000 
Iter1 1.001007 -0.000464 0.000382 0.000431 0.998726 0.000345 0.001011 0.003908 1.000000 
frame161
Iter0 1.005803 -0.000332 0.003004 -0.000163 1.008490 0.005645 -0.000042 -0.005701 1.000000 
Iter1 1.001061 -0.001367 0.000629 0.000720 0.998856 0.000379 0.000561 0.005547 1.000000 
Iter2 1.000049 -0.000471 0.000128 0.000041 1.000021 0.000032 0.000084 0.000153 1.000000 
frame162
Iter0 1.005385 0.000550 0.003719 -0.000472 1.008044 0.005494 -0.000382 -0.005223 1.000000 
Iter1 1.001135 -0.001419 0.000668 0.000402 0.998912 0.000347 0.000556 0.004714 1.000000 
frame163
Iter0 1.005460 -0.000002 0.003867 -0.000521 1.007733 0.005696 -0.000216 -0.005032 1.000000 
Iter1 1.001122 -0.000914 0.000624 0.000623 0.998907 0.000367 0.000604 0.005064 1.000000 
frame164
Iter0 1.005947 0.000356 0.002603 -0.001136 1.008046 0.005716 0.001011 -0.003320 1.000000 
Iter1 1.000932 -0.000420 0.000387 0.000626 0.998583 0.000300 -0.000277 0.003812 1.000000 
frame165
Iter0 1.005787 -0.000131 0.000757 -0.000645 1.008177 0.006005 -0.000174 -0.003484 1.000000 
Iter1 1.001024 -0.000299 0.000152 0.000488 0.998516 0.000314 -0.000103 0.003512 1.000000 
frame166
Iter0 1.006229 -0.000668 -0.000616 0.000081 1.008658 0.006141 0.000244 -0.002779 1.000000 
Iter1 1.001075 -0.000122 -0.000043 0.000456 0.998605 0.000289 0.000509 0.003124 1.000000 
frame167
Iter0 1.005895 -0.001447 -0.001517 0.000039 1.008693 0.006126 -0.001428 -0.004314 1.000000 
Iter1 1.000935 -0.000179 -0.000134 0.000457 0.998597 0.000302 0.000569 0.003439 1.000000 
frame168
Iter0 1.006187 -0.001392 -0.001961 0.000518 1.009115 0.006177 -0.000335 -0.003744 1.000000 
Iter1 1.000998 0.000147 -0.000190 0.000477 0.998371 0.000281 0.000306 0.003364 1.000000 
frame169
Iter0 1.006088 -0.001340 -0.002137 0.000459 1.009167 0.006162 -0.000932 -0.004062 1.000000 
Iter1 1.001050 0.000126 -0.000237 0.000431 0.998316 0.000242 0.000138 0.003448 1.000000 
frame170
Iter0 1.006204 -0.001561 -0.002258 0.000901 1.009116 0.006148 0.000029 -0.003297 1.000000 
Iter1 1.000859 0.000119 -0.000295 0.000273 0.998392 0.000259 0.000143 0.003377 1.000000 
frame171
Iter0 1.005838 -0.001956 -0.002698 0.000508 1.008506 0.006092 -0.000950 -0.003937 1.000000 
Iter1 1.000884 0.000309 -0.000259 0.000308 0.998558 0.000284 0.000609 0.003635 1.000000 
frame172
Iter0 1.006059 -0.001237 -0.003139 0.000344 1.008445 0.006084 -0.000814 -0.003477 1.000000 
Iter1 1.000978 0.000292 -0.000284 0.000322 0.998654 0.000262 0.000431 0.003263 1.000000 
frame173
Iter0 1.006232 -0.001043 -0.003384 -0.000153 1.008365 0.006155 0.000037 -0.002627 1.000000 
Iter1 1.000659 0.000427 -0.000386 0.000360 0.998499 0.000197 -0.000079 0.002722 1.000000 
frame174
Iter0 1.006241 -0.000725 -0.003465 -0.000274 1.008072 0.006227 0.000631 -0.002517 1.000000 
Iter1 1.000501 0.000425 -0.000400 0.000245 0.998274 0.000199 -0.000580 0.002371 1.000000 
frame175
Iter0 1.006039 -0.001067 -0.003040 -0.000082 1.008369 0.006028 0.000414 -0.002551 1.000000 
Iter1 1.000690 0.000469 -0.000322 0.000453 0.998559 0.000191 -0.000269 0.002674 1.000000 
frame176
Iter0 1.006006 -0.000685 -0.002182 -0.000084 1.007751 0.005979 0.000306 -0.002241 1.000000 
Iter1 1.000696 0.000184 -0.000200 0.000315 0.998528 0.000230 -0.000260 0.002745 1.000000 
frame177
Iter0 1.005793 -0.001500 -0.001806 0.000522 1.008315 0.005776 -0.000538 -0.003987 1.000000 
Iter1 1.000809 0.000096 -0.000150 0.000451 0.998749 0.000225 0.000201 0.003167 1.000000 
frame178
Iter0 1.005584 -0.001678 -0.000866 0.000641 1.008750 0.005361 -0.000672 -0.004685 1.000000 
Iter1 1.000534 0.000028 -0.000035 0.000349 0.998683 0.000233 0.000185 0.003255 1.000000 
frame179
Iter0 1.005063 -0.002839 0.000450 0.001033 1.008054 0.005314 -0.000225 -0.004708 1.000000 
Iter1 1.000935 -0.000442 0.000080 0.000454 0.998849 0.000248 0.000024 0.003596 1.000000 
frame180
Iter0 1.005217 -0.000504 0.000439 -0.000380 1.006720 0.005323 0.000103 -0.001841 1.000000 
Iter1 1.000489 -0.000145 0.000063 0.000443 0.998902 0.000199 -0.000205 0.002082 1.000000 
frame181
Iter0 1.005494 0.000642 -0.000481 -0.000790 1.005741 0.005743 0.000497 -0.000942 1.000000 
Iter1 1.000791 0.000205 -0.000030 0.000397 0.999019 0.000259 -0.000228 0.002572 1.000000 
frame182
Iter0 1.005343 0.001060 -0.001217 -0.000964 1.006138 0.005590 0.000366 -0.000388 1.000000 
Iter1 1.000601 0.000217 -0.000125 0.000365 0.998755 0.000206 -0.000051 0.001792 1.000000 
frame183
Iter0 1.005413 -0.000133 -0.001328 -0.000454 1.006367 0.005293 0.000738 -0.001396 1.000000 
Iter1 1.000505 0.000140 -0.000122 0.000385 0.998962 0.000151 -0.000472 0.002049 1.000000 
frame184
Iter0 1.005039 -0.000454 -0.001426 -0.000290 1.006665 0.004948 0.000302 -0.001880 1.000000 
Iter1 1.000567 0.000115 -0.000129 0.000322 0.999048 0.000204 -0.000253 0.001809 1.000000 
frame185
Iter0 1.004959 -0.000328 -0.001334 -0.000277 1.006017 0.004826 0.000756 -0.001583 1.000000 
Iter1 1.000623 0.000168 -0.000126 0.000305 0.999117 0.000174 -0.000353 0.001657 1.000000 
frame186
Iter0 1.004760 0.000058 -0.000992 -0.000754 1.006076 0.004577 0.000743 -0.001577 1.000000 
Iter1 1.000497 0.000067 -0.000109 0.000383 0.999085 0.000169 -0.000309 0.002057 1.000000 
frame187
Iter0 1.004639 -0.000796 -0.001091 -0.000342 1.005982 0.004846 0.000201 -0.002264 1.000000 
Iter1 1.000570 -0.000013 -0.000078 0.000255 0.999145 0.000209 0.000305 0.001967 1.000000 
frame188
Iter0 1.004627 0.000917 -0.001358 -0.000906 1.005201 0.004698 0.000520 -0.000431 1.000000 
Iter1 1.000533 0.000164 -0.000162 0.000400 0.998976 0.000159 -0.000658 0.001460 1.000000 
frame189
Iter0 1.004005 -0.000069 -0.001363 -0.000160 1.004919 0.004200 -0.000208 -0.001403 1.000000 
Iter1 1.000473 -0.000012 -0.000078 0.000300 0.999227 0.000184 0.000278 0.001651 1.000000 
frame190
Iter0 1.003758 -0.000436 -0.001217 0.000245 1.005041 0.003750 0.000015 -0.001548 1.000000 
Iter1 1.000515 0.000031 -0.000126 0.000256 0.999359 0.000152 -0.000259 0.001672 1.000000 
frame191
Iter0 1.003176 0.000098 -0.001134 0.000005 1.003857 0.003345 -0.000689 -0.001039 1.000000 
frame192
Iter0 1.003272 -0.000065 -0.001070 0.000431 1.002918 0.002974 -0.000289 0.000581 1.000000 
frame193
Iter0 1.002777 -0.000412 -0.001025 0.000204 1.002925 0.002593 0.000097 -0.000464 1.000000 
frame194
Iter0 1.002571 -0.000267 -0.000937 0.000365 1.002798 0.002434 -0.000076 0.000125 1.000000 
frame195
Iter0 1.002320 0.000071 -0.000437 0.000093 1.001897 0.002074 -0.000125 0.000173 1.000000 
frame196
Iter0 1.001788 0.000580 -0.000045 -0.000468 1.000876 0.001561 0.000644 0.001071 1.000000 
frame197
Iter0 1.001411 -0.000283 0.000211 -0.000310 1.001560 0.001236 0.000119 -0.000498 1.000000 
frame198
Iter0 1.001666 -0.000686 0.000377 -0.000100 1.001941 0.001355 0.000444 -0.000478 1.000000 
frame199
Iter0 1.001899 0.000260 0.000141 -0.000552 1.001489 0.001827 0.000442 0.000685 1.000000 
frame200
Iter0 1.002159 0.000615 -0.000313 -0.000622 1.001560 0.002094 0.000386 0.001057 1.000000 
frame201
Iter0 1.001836 0.000197 -0.000136 -0.000113 1.001803 0.001866 0.000126 -0.000495 1.000000 
frame202
Iter0 1.001835 -0.000767 0.000319 0.000013 1.002147 0.001593 0.000284 -0.000641 1.000000 
frame203
Iter0 1.001692 -0.000391 0.000059 0.000154 1.002089 0.001489 0.000068 -0.000221 1.000000 
frame204
Iter0 1.001834 0.000323 -0.000160 -0.000238 1.001122 0.001736 0.000232 0.000390 1.000000 
frame205
Iter0 1.002085 0.001785 -0.000728 -0.000740 1.000497 0.002077 0.000570 0.002617 1.000000 
Iter1 1.000119 0.000167 -0.000042 0.000082 0.999836 0.000074 -0.000218 0.000016 1.000000 
frame206
Iter0 1.001636 0.000358 -0.000817 -0.000030 1.001778 0.001897 -0.000492 -0.000442 1.000000 
frame207
Iter0 1.001695 -0.000878 -0.000511 0.000560 1.002322 0.001590 -0.000809 -0.001015 1.000000 
frame208
Iter0 1.001956 -0.001164 0.000084 0.000640 1.002565 0.001417 0.000466 -0.000571 1.000000 
frame209
Iter0 1.001769 -0.001323 -0.000011 0.000637 1.002844 0.001564 -0.000368 -0.001629 1.000000 
frame210
Iter0 1.002109 -0.000863 -0.000282 0.000674 1.002767 0.001731 -0.000289 -0.000523 1.000000 
frame211
Iter0 1.002019 -0.000399 -0.000262 -0.000039 1.002215 0.001962 -0.000117 -0.000117 1.000000 
frame212
Iter0 1.002112 0.000273 -0.000130 -0.000081 1.001696 0.002009 0.000445 0.001217 1.000000 
frame213
Iter0 1.001823 0.000326 -0.000471 -0.000255 1.001183 0.001759 -0.000525 0.000281 1.000000 
frame214
Iter0 1.001539 0.000922 -0.000501 -0.000375 1.000698 0.001404 0.000924 0.001382 1.000000 
frame215
Iter0 1.000775 0.000897 -0.000536 -0.000537 0.999679 0.000898 -0.000063 0.000619 1.000000 
frame216
Iter0 1.000248 0.000542 -0.000254 -0.000184 0.999899 0.000258 -0.000132 0.000502 1.000000 
frame217
Iter0 0.999827 -0.000157 0.000108 -0.000033 0.999965 -0.000168 -0.000249 -0.000557 1.000000 
frame218
Iter0 0.999868 -0.000194 0.000248 0.000060 1.000117 -0.000243 0.000150 -0.000159 1.000000 
frame219
Iter0 0.999820 -0.000145 0.000145 0.000042 1.000049 -0.000188 0.000015 -0.000343 1.000000 
frame220
Iter0 0.999911 -0.000018 0.000152 -0.000124 0.999931 -0.000014 0.000260 -0.000176 1.000000 
frame221
Iter0 1.000220 0.000323 -0.000073 -0.000264 0.999882 0.000217 0.000089 0.000391 1.000000 
frame222
Iter0 0.999939 0.000145 -0.000080 -0.000116 0.999888 0.000113 -0.000099 -0.000009 1.000000 
frame223
Iter0 0.999937 -0.000061 0.000168 0.000039 1.000047 -0.000182 0.000001 -0.000301 1.000000 
frame224
Iter0 0.999748 -0.000510 0.000352 0.000116 1.000149 -0.000328 0.000176 -0.000505 1.000000 
frame225
Iter0 0.999779 -0.000328 0.000270 0.000005 1.000118 -0.000224 -0.000043 -0.000091 1.000000 
frame226
Iter0 1.000006 0.000054 -0.000011 -0.000053 0.999839 0.000044 0.000027 0.000056 1.000000 
frame227
Iter0 1.000057 0.000270 -0.000134 -0.000128 0.999985 0.000175 0.000049 -0.000013 1.000000 
frame228
Iter0 1.000141 0.000302 -0.000163 -0.000122 0.999918 0.000150 -0.000070 0.000438 1.000000 
frame229
Iter0 1.000005 0.000015 0.000004 -0.000001 1.000017 -0.000010 0.000164 -0.000004 1.000000 
frame230
Iter0 0.999909 0.000071 0.000016 -0.000012 0.999937 -0.000066 0.000002 -0.000206 1.000000 
frame231
Iter0 1.000015 0.000083 -0.000069 -0.000070 0.999896 -0.000002 -0.000198 0.000037 1.000000 
frame232
Iter0 0.999816 0.000187 -0.000082 -0.000049 0.999843 0.000035 -0.000316 -0.000229 1.000000 
frame233
Iter0 1.000133 0.000277 -0.000120 -0.000026 0.999874 0.000062 0.000103 0.000183 1.000000 
frame234
Iter0 0.999946 0.000112 -0.000069 -0.000053 0.999961 0.000041 -0.000217 0.000051 1.000000 
frame235
Iter0 1.000002 0.000178 -0.000104 -0.000080 0.999907 0.000081 -0.000235 0.000118 1.000000 
frame236
Iter0 1.000080 0.000222 -0.000090 0.000005 0.999882 0.000078 0.000101 0.000128 1.000000 
frame237
Iter0 0.999983 0.000027 -0.000034 0.000034 0.999967 0.000005 -0.000135 -0.000170 1.000000 
frame238
Iter0 0.999914 -0.000118 0.000068 0.000104 0.999970 -0.000172 -0.000072 -0.000047 1.000000 
frame239
Iter0 0.999783 -0.000270 0.000211 0.000163 1.000123 -0.000336 0.000114 -0.000229 1.000000 
frame240
Iter0 0.999720 -0.000256 0.000147 -0.000002 0.999950 -0.000244 0.000214 -0.000274 1.000000 
frame241
Iter0 0.999905 -0.000071 0.000011 -0.000002 0.999947 -0.000088 -0.000001 -0.000092 1.000000 
frame242
Iter0 1.000003 0.000088 -0.000051 -0.000022 0.999902 -0.000005 -0.000125 0.000296 1.000000 
frame243
Iter0 0.999831 -0.000046 -0.000015 -0.000023 0.999933 -0.000109 -0.000041 -0.000219 1.000000 
frame244
Iter0 0.999783 -0.000091 0.000054 -0.000076 0.999853 -0.000205 -0.000096 -0.000299 1.000000 
frame245
Iter0 0.999876 0.000062 0.000019 -0.000028 0.999971 -0.000133 0.000275 0.000146 1.000000 
frame246
Iter0 0.999867 0.000246 -0.000031 -0.000110 0.999696 -0.000081 -0.000263 0.000045 1.000000 
frame247
Iter0 0.999701 0.000321 0.000105 -0.000255 0.999476 -0.000164 0.000145 0.000222 1.000000 
frame248
Iter0 0.999587 0.000411 0.000103 -0.000396 0.999348 -0.000259 0.000098 0.000296 1.000000 
frame249
Iter0 0.999675 0.000410 -0.000005 -0.000377 0.999319 -0.000310 0.000237 0.000381 1.000000 
frame250
Iter0 0.999519 0.000612 -0.000135 -0.000326 0.998958 -0.000378 0.000338 0.000518 1.000000 
frame251
Iter0 0.999314 0.000417 -0.000112 -0.000257 0.999005 -0.000560 0.000139 0.000546 1.000000 
frame252
Iter0 0.999226 0.000137 0.000108 -0.000068 0.999048 -0.000845 0.000356 -0.000199 1.000000 
frame253
Iter0 0.998904 -0.000070 0.000303 -0.000031 0.999130 -0.001104 -0.000024 -0.000079 1.000000 
frame254
Iter0 0.998718 -0.000321 0.000371 0.000074 0.998969 -0.001242 -0.000105 0.000016 1.000000 
frame255
Iter0 0.998561 0.000164 0.000157 0.000088 0.998481 -0.001237 -0.000202 -0.000182 1.000000 
frame256
Iter0 0.998491 0.000650 -0.000112 0.000121 0.998156 -0.001361 0.000149 0.000158 1.000000 
frame257
Iter0 0.998218 0.000113 -0.000205 0.000066 0.998154 -0.001759 -0.000503 0.000196 1.000000 
frame258
Iter0 0.997701 -0.000485 -0.000105 0.000264 0.998446 -0.002192 -0.000624 -0.001011 1.000000 
frame259
Iter0 0.997867 -0.001242 -0.000120 0.000646 0.999753 -0.002193 0.000057 -0.001608 1.000000 
frame260
Iter0 0.997923 -0.002073 -0.000085 0.000682 1.000091 -0.002200 -0.000242 -0.002262 1.000000 
frame261
Iter0 0.998072 -0.001419 0.000131 0.000484 0.999402 -0.002014 -0.000133 -0.001683 1.000000 
frame262
Iter0 0.998351 -0.000123 0.000267 -0.000150 0.998291 -0.001540 0.000316 -0.000085 1.000000 
frame263
Iter0 0.998724 0.002020 -0.000175 -0.000957 0.997035 -0.000800 0.000286 0.002184 1.000000 
frame264
Iter0 0.999192 0.002866 -0.000356 -0.001365 0.996698 -0.000520 0.000635 0.002631 1.000000 
Iter1 0.999743 0.000454 -0.000069 -0.000151 0.999944 -0.000016 -0.000139 -0.000274 1.000000 
frame265
Iter0 0.999380 0.001392 -0.000017 -0.000947 0.998176 -0.000697 0.000695 0.001219 1.000000 
frame266
Iter0 0.998888 -0.000015 0.000700 -0.000457 0.999008 -0.001083 0.000541 -0.000569 1.000000 
frame267
Iter0 0.998625 -0.000772 0.001104 0.000024 0.999414 -0.001366 0.000134 -0.000701 1.000000 
frame268
Iter0 0.998341 -0.000622 0.000870 -0.000104 0.998802 -0.001540 0.000446 -0.000517 1.000000 
frame269
Iter0 0.998087 0.000193 0.000584 -0.000218 0.998104 -0.001748 0.000101 0.000045 1.000000 
frame270
Iter0 0.997798 -0.000128 0.000491 0.000066 0.998101 -0.002183 0.000104 -0.000443 1.000000 
frame271
Iter0 0.997472 -0.000567 0.000315 0.000438 0.998050 -0.002535 -0.000537 0.000073 1.000000 
frame272
Iter0 0.996933 -0.000452 -0.000079 0.000582 0.997697 -0.002903 0.000022 -0.000855 1.000000 
frame273
Iter0 0.996811 -0.000110 -0.000656 0.000316 0.996751 -0.003048 -0.000579 0.000073 1.000000 
frame274
Iter0 0.996486 0.000267 -0.001018 0.000282 0.996344 -0.003255 -0.000327 0.000120 1.000000 
frame275
Iter0 0.996032 0.000176 -0.001616 0.000323 0.996599 -0.003751 -0.000654 -0.000262 1.000000 
Iter1 0.999685 0.000060 -0.000146 -0.000190 1.000051 -0.000117 0.000211 -0.000355 1.000000 
frame276
Iter0 0.995909 -0.000318 -0.001459 0.000530 0.995790 -0.004116 -0.000483 -0.000413 1.000000 
Iter1 0.999508 -0.000208 -0.000131 -0.000306 1.000120 -0.000138 -0.000003 -0.000707 1.000000 
frame277
Iter0 0.995484 -0.000265 -0.001226 0.000393 0.995695 -0.004634 0.000246 0.000086 1.000000 
Iter1 0.999580 -0.000052 -0.000077 -0.000268 1.000191 -0.000079 0.000247 -0.000335 1.000000 
frame278
Iter0 0.995344 -0.000327 -0.000933 0.000404 0.995376 -0.004835 0.000335 -0.000326 1.000000 
Iter1 0.999404 -0.000162 -0.000121 -0.000444 1.000018 -0.000109 -0.000123 -0.000960 1.000000 
frame279
Iter0 0.994963 0.000005 -0.001016 0.000199 0.995099 -0.005032 0.000024 0.000105 1.000000 
Iter1 0.999552 0.000033 -0.000104 -0.000312 1.000145 -0.000109 -0.000091 -0.000919 1.000000 
frame280
Iter0 0.995335 -0.000171 -0.001256 0.000251 0.995325 -0.005073 0.000217 0.000205 1.000000 
Iter1 0.999335 -0.000053 -0.000151 -0.000329 1.000125 -0.000125 0.000229 -0.000892 1.000000 
frame281
Iter0 0.995029 0.000771 -0.001233 -0.000100 0.993678 -0.004844 -0.000238 0.001695 1.000000 
Iter1 0.999444 0.000298 -0.000107 -0.000414 1.000252 -0.000131 -0.000056 -0.000971 1.000000 
frame282
Iter0 0.995006 0.001265 -0.001019 -0.000251 0.993637 -0.004998 0.000419 0.001252 1.000000 
Iter1 0.999383 0.000470 -0.000168 -0.000349 1.000130 -0.000105 0.000114 -0.000645 1.000000 
frame283
Iter0 0.995112 0.000659 -0.000670 -0.000053 0.994022 -0.005168 -0.000204 0.001260 1.000000 
Iter1 0.999331 0.000034 -0.000108 -0.000391 1.000422 -0.000146 0.000028 -0.001187 1.000000 
frame284
Iter0 0.994541 0.000137 -0.000509 0.000569 0.993903 -0.005446 -0.000303 0.000576 1.000000 
Iter1 0.999396 0.000022 -0.000086 -0.000425 1.000437 -0.000129 0.000068 -0.001112 1.000000 
frame285
Iter0 0.994410 0.000082 0.000034 0.000301 0.993799 -0.005650 -0.000100 0.000566 1.000000 
Iter1 0.999454 -0.000027 -0.000033 -0.000358 1.000426 -0.000119 0.000026 -0.000771 1.000000 
frame286
Iter0 0.994697 0.000272 0.000838 0.000213 0.993888 -0.005750 0.000774 0.000402 1.000000 
Iter1 0.999206 -0.000036 0.000039 -0.000378 1.000369 -0.000104 -0.000728 -0.000873 1.000000 
frame287
Iter0 0.994518 -0.000517 0.001323 0.000549 0.993571 -0.005699 -0.000099 0.000564 1.000000 
Iter1 0.999316 -0.000101 0.000118 -0.000380 1.000519 -0.000130 0.000072 -0.000718 1.000000 
frame288
Iter0 0.994479 -0.001564 0.001698 0.001343 0.993311 -0.005926 0.000440 0.000531 1.000000 
Iter1 0.999202 -0.000608 0.000178 -0.000581 1.000504 -0.000059 0.000004 -0.000555 1.000000 
frame289
Iter0 0.994530 -0.000541 0.001804 0.000682 0.992904 -0.005779 -0.000357 0.000873 1.000000 
Iter1 0.999344 -0.000333 0.000134 -0.000409 1.000582 -0.000120 0.000287 -0.000808 1.000000 
frame290
Iter0 0.994684 0.000680 0.001479 0.000105 0.993038 -0.005528 0.000190 0.001204 1.000000 
Iter1 0.999389 -0.000155 0.000104 -0.000437 1.000556 -0.000091 -0.000350 -0.000372 1.000000 
frame291
Iter0 0.994721 0.000391 0.000896 -0.000096 0.992976 -0.005445 0.000456 0.000854 1.000000 
Iter1 0.999305 0.000013 0.000084 -0.000377 1.000479 -0.000132 -0.000152 -0.000222 1.000000 
frame292
Iter0 0.994644 -0.000241 0.000632 0.000423 0.993531 -0.005528 0.000196 0.000597 1.000000 
Iter1 0.999395 -0.000104 0.000017 -0.000419 1.000536 -0.000140 0.000329 -0.000551 1.000000 
frame293
Iter0 0.994451 -0.001179 0.000767 0.000786 0.993732 -0.005702 -0.000509 -0.000108 1.000000 
Iter1 0.999409 -0.000346 0.000057 -0.000477 1.000629 -0.000149 0.000095 -0.000745 1.000000 
frame294
Iter0 0.994630 -0.000943 0.000668 0.001046 0.993993 -0.005791 0.000755 -0.000024 1.000000 
Iter1 0.999166 -0.000261 0.000061 -0.000408 1.000516 -0.000139 -0.000300 -0.000414 1.000000 
frame295
Iter0 0.994624 0.000775 0.000863 -0.000153 0.993319 -0.005516 0.000351 -0.000158 1.000000 
Iter1 0.999327 -0.000150 0.000042 -0.000384 1.000568 -0.000125 -0.000501 0.000119 1.000000 
frame296
Iter0 0.994700 0.001014 0.000747 -0.000488 0.993674 -0.005316 0.000625 0.000408 1.000000 
Iter1 0.999334 0.000115 0.000034 -0.000353 1.000633 -0.000163 -0.000010 -0.000867 1.000000 
frame297
Iter0 0.994748 0.000474 0.000290 -0.000345 0.993780 -0.005116 0.000685 0.000696 1.000000 
Iter1 0.999376 0.000013 -0.000028 -0.000406 1.000466 -0.000196 -0.000125 -0.000830 1.000000 
frame298
Iter0 0.995069 0.001222 0.000502 -0.000740 0.994139 -0.005050 0.001280 0.000417 1.000000 
Iter1 0.999131 0.000279 -0.000047 -0.000417 1.000599 -0.000147 -0.000402 -0.000655 1.000000 
frame299
Iter0 0.995124 0.001740 0.000709 -0.001231 0.993711 -0.004610 0.001095 0.001136 1.000000 
Iter1 0.999376 0.000064 -0.000002 -0.000351 1.000444 -0.000221 -0.000650 -0.001088 1.000000 
frame300
Iter0 0.995173 0.002362 0.000902 -0.001449 0.993812 -0.004643 0.000478 0.000419 1.000000 
Iter1 0.999202 0.000485 0.000026 -0.000349 1.000522 -0.000167 -0.000265 0.000190 1.000000 
frame301
Iter0 0.995014 0.003249 0.001328 -0.001105 0.993898 -0.004885 0.000941 0.000157 1.000000 
Iter1 0.999292 0.000525 0.000042 -0.000258 1.000785 -0.000170 -0.000405 -0.000408 1.000000 
frame302
Iter0 0.994666 0.002952 0.001486 -0.000969 0.993475 -0.004862 -0.000307 0.000251 1.000000 
Iter1 0.999256 0.000420 0.000061 -0.000386 1.000472 -0.000207 -0.000652 -0.000816 1.000000 
frame303
Iter0 0.995178 0.001825 0.001635 0.000028 0.993667 -0.005042 0.000859 0.000181 1.000000 
Iter1 0.999092 0.000144 0.000122 -0.000373 1.000708 -0.000178 -0.000455 -0.000370 1.000000 
frame304
Iter0 0.994878 -0.000537 0.001726 0.000937 0.993904 -0.005397 -0.001007 0.000389 1.000000 
Iter1 0.999367 -0.000407 0.000185 -0.000382 1.000673 -0.000175 -0.000052 -0.000098 1.000000 
frame305
